
SESSION 2 initiated 22-Apr-2017 14:04:45 for SUBJECT number 6

session	trial	pair	onset	dur	cue         	associate   
2	1	5	2005  	2002  	HAMMER      	pici17.jpg  
2	2	2	10011 	2002  	BELL        	pico14.jpg  
2	3	8	18001 	2003  	PIN         	pici22.jpg  
2	4	3	26011 	2002  	RAINBOW     	pico11.jpg  
2	5	4	34001 	2002  	PEBBLE      	pico16.jpg  
2	6	1	42008 	2002  	ISLAND      	pici30.jpg  
2	7	6	50015 	1985  	CURTAIN     	pici18.jpg  
2	8	7	58005 	2002  	PUZZLE      	pico20.jpg  


SESSION 2 ended 22-Apr-2017 14:06:08 for SUBJECT number 6




******************************************************************************


SESSION 3 ended 22-Apr-2017 14:08:29 for SUBJECT number 6




******************************************************************************
trial	TR	prompt active	speed	ds	flip error	Found File #	ThisTR	CategSep
1	1	0		15.000	  NaN	0.0097		1		25		  NaN
1	2	0		15.000	  NaN	0.0098		1		26		  NaN
1	3	0		15.000	  NaN	0.0114		1		27		  NaN
1	4	0		15.000	  NaN	0.0121		1		28		  NaN
1	5	0		15.000	  NaN	0.0133		1		29		  NaN
1	6	1		15.000	  NaN	0.0143		1		30		  NaN
1	7	1		15.000	  NaN	-0.0017		1		31		  NaN
1	8	0		15.000	  NaN	0.0325		1		32		  NaN
1	9	0		15.000	  NaN	-0.0003		1		33		  NaN
1	10	0		15.000	  NaN	0.0008		1		34		  NaN
1	11	0		15.000	  NaN	0.0015		1		35		  NaN
1	12	1		15.000	  NaN	0.0024		1		36		  NaN
1	13	1		15.000	  NaN	0.0034		1		37		  NaN
1	14	0		15.000	  NaN	0.0374		1		38		  NaN
1	15	0		15.000	  NaN	0.0052		1		39		  NaN
1	16	0		15.000	  NaN	0.0060		1		40		  NaN
1	17	0		15.000	  NaN	0.0068		1		41		  NaN
1	18	1		15.000	  NaN	0.0074		1		42		  NaN
1	19	1		15.000	  NaN	0.0068		1		43		  NaN
1	20	0		15.000	  NaN	0.0263		1		44		  NaN
1	21	0		15.000	  NaN	0.0080		1		45		  NaN
1	22	0		15.000	  NaN	0.0108		1		46		  NaN
1	23	0		15.000	  NaN	0.0117		1		47		  NaN
1	24	1		15.000	  NaN	0.0125		1		48		  NaN
1	25	1		15.000	  NaN	0.0134		1		49		  NaN
1	26	0		15.000	  NaN	-0.0024		1		50		  NaN
1	27	0		15.000	  NaN	-0.0015		1		51		  NaN
1	28	0		15.000	  NaN	-0.0005		1		52		  NaN
1	29	0		15.000	  NaN	0.0001		1		53		  NaN
1	30	0		15.000	  NaN	0.0009		1		54		  NaN
trial	TR	prompt active	speed	ds	flip error	Found File #	ThisTR	CategSep
2	1	0		15.000	  NaN	0.0039		1		67		  NaN
2	2	0		15.000	  NaN	0.0212		1		68		  NaN
2	3	0		15.000	  NaN	0.0221		1		69		  NaN
2	4	0		15.000	  NaN	0.0229		1		70		  NaN
2	5	0		15.000	  NaN	0.0071		1		71		  NaN
2	6	1		15.000	  NaN	0.0079		1		72		  NaN
2	7	1		15.000	  NaN	0.0086		1		73		  NaN
2	8	0		15.000	  NaN	0.0287		1		74		  NaN
2	9	0		15.000	  NaN	0.0105		1		75		  NaN
2	10	0		15.000	  NaN	0.0110		1		76		  NaN
2	11	0		15.000	  NaN	0.0122		1		77		  NaN
2	12	1		15.000	  NaN	0.0106		1		78		  NaN
2	13	1		15.000	  NaN	0.0138		1		79		  NaN
2	14	0		15.000	  NaN	0.0323		1		80		  NaN
2	15	0		15.000	  NaN	0.0154		1		81		  NaN
2	16	0		15.000	  NaN	0.0145		1		82		  NaN
2	17	0		15.000	  NaN	0.0174		1		83		  NaN
2	18	1		15.000	  NaN	0.0179		1		84		  NaN
2	19	1		15.000	  NaN	0.0190		1		85		  NaN
2	20	0		15.000	  NaN	0.0371		1		86		  NaN
2	21	0		15.000	  NaN	0.0016		1		87		  NaN
2	22	0		15.000	  NaN	0.0212		1		88		  NaN
2	23	0		15.000	  NaN	0.0207		1		89		  NaN
2	24	1		15.000	  NaN	0.0066		1		90		  NaN
2	25	1		15.000	  NaN	0.0072		1		91		  NaN
2	26	0		15.000	  NaN	0.0252		1		92		  NaN
2	27	0		15.000	  NaN	0.0090		1		93		  NaN
2	28	0		15.000	  NaN	0.0264		1		94		  NaN
2	29	0		15.000	  NaN	0.0107		1		95		  NaN
2	30	0		15.000	  NaN	0.0113		1		96		  NaN
trial	TR	prompt active	speed	ds	flip error	Found File #	ThisTR	CategSep
3	1	0		15.000	  NaN	0.0116		1		109		  NaN
3	2	0		15.000	  NaN	0.0272		1		110		  NaN
3	3	0		15.000	  NaN	0.0130		1		111		  NaN
3	4	0		15.000	  NaN	0.0306		1		112		  NaN
3	5	0		15.000	  NaN	0.0149		1		113		  NaN
3	6	1		15.000	  NaN	0.0158		1		114		  NaN
3	7	1		15.000	  NaN	0.0165		1		115		  NaN
3	8	0		15.000	  NaN	0.0340		1		116		  NaN
3	9	0		15.000	  NaN	0.0014		1		117		  NaN
3	10	0		15.000	  NaN	0.0021		1		118		  NaN
3	11	0		15.000	  NaN	0.0030		1		119		  NaN
3	12	1		15.000	  NaN	0.0041		1		120		  NaN
3	13	1		15.000	  NaN	0.0026		1		121		  NaN
3	14	0		15.000	  NaN	0.0064		1		122		  NaN
3	15	0		15.000	  NaN	0.0038		1		123		  NaN
3	16	0		15.000	  NaN	0.0052		1		124		  NaN
3	17	0		15.000	  NaN	0.0085		1		125		  NaN
3	18	1		15.000	  NaN	0.0091		1		126		  NaN
3	19	1		15.000	  NaN	0.0267		1		127		  NaN
3	20	0		15.000	  NaN	0.0284		1		128		  NaN
3	21	0		15.000	  NaN	0.0284		1		129		  NaN
3	22	0		15.000	  NaN	0.0104		1		130		  NaN
3	23	0		15.000	  NaN	0.0300		1		131		  NaN
3	24	1		15.000	  NaN	0.0145		1		132		  NaN
3	25	1		15.000	  NaN	0.0134		1		133		  NaN
3	26	0		15.000	  NaN	0.0336		1		134		  NaN
3	27	0		15.000	  NaN	0.0144		1		135		  NaN
3	28	0		15.000	  NaN	-0.0013		1		136		  NaN
3	29	0		15.000	  NaN	0.0000		1		137		  NaN
3	30	0		15.000	  NaN	0.0026		1		138		  NaN
trial	TR	prompt active	speed	ds	flip error	Found File #	ThisTR	CategSep
4	1	0		15.000	  NaN	0.0119		1		151		  NaN
4	2	0		15.000	  NaN	0.0126		1		152		  NaN
4	3	0		15.000	  NaN	0.0115		1		153		  NaN
4	4	0		15.000	  NaN	0.0123		1		154		  NaN
4	5	0		15.000	  NaN	0.0151		1		155		  NaN
4	6	1		15.000	  NaN	0.0161		1		156		  NaN
4	7	1		15.000	  NaN	0.0154		1		157		  NaN
4	8	0		15.000	  NaN	0.0374		1		158		  NaN
4	9	0		15.000	  NaN	0.0167		1		159		  NaN
4	10	0		15.000	  NaN	0.0172		1		160		  NaN
4	11	0		15.000	  NaN	0.0007		1		161		  NaN
4	12	1		15.000	  NaN	0.0026		1		162		  NaN
4	13	1		15.000	  NaN	0.0222		1		163		  NaN
4	14	0		15.000	  NaN	0.0255		1		164		  NaN
4	15	0		15.000	  NaN	0.0239		1		165		  NaN
4	16	0		15.000	  NaN	0.0058		1		166		  NaN
4	17	0		15.000	  NaN	0.0257		1		167		  NaN
4	18	1		15.000	  NaN	0.0080		1		168		  NaN
4	19	1		15.000	  NaN	0.0273		1		169		  NaN
4	20	0		15.000	  NaN	0.0259		1		170		  NaN
4	21	0		15.000	  NaN	0.0100		1		171		  NaN
4	22	0		15.000	  NaN	0.0108		1		172		  NaN
4	23	0		15.000	  NaN	0.0145		1		173		  NaN
4	24	1		15.000	  NaN	0.0125		1		174		  NaN
4	25	1		15.000	  NaN	0.0155		1		175		  NaN
4	26	0		15.000	  NaN	0.0308		1		176		  NaN
4	27	0		15.000	  NaN	0.0173		1		177		  NaN
4	28	0		15.000	  NaN	0.0182		1		178		  NaN
4	29	0		15.000	  NaN	0.0021		1		179		  NaN
4	30	0		15.000	  NaN	0.0015		1		180		  NaN
trial	TR	prompt active	speed	ds	flip error	Found File #	ThisTR	CategSep
5	1	0		15.000	  NaN	0.0145		1		193		  NaN
5	2	0		15.000	  NaN	0.0150		1		194		  NaN
5	3	0		15.000	  NaN	0.0130		1		195		  NaN
5	4	0		15.000	  NaN	0.0146		1		196		  NaN
5	5	0		15.000	  NaN	0.0153		1		197		  NaN
5	6	1		15.000	  NaN	0.0168		1		198		  NaN
5	7	1		15.000	  NaN	0.0026		1		199		  NaN
5	8	0		15.000	  NaN	0.0238		1		200		  NaN
5	9	0		15.000	  NaN	0.0026		1		201		  NaN
5	10	0		15.000	  NaN	0.0054		1		202		  NaN
5	11	0		15.000	  NaN	0.0038		1		203		  NaN
5	12	1		15.000	  NaN	0.0069		1		204		  NaN
5	13	1		15.000	  NaN	0.0061		1		205		  NaN
5	14	0		15.000	  NaN	0.0438		1		206		  NaN
5	15	0		15.000	  NaN	0.0070		1		207		  NaN
5	16	0		15.000	  NaN	0.0103		1		208		  NaN
5	17	0		15.000	  NaN	0.0110		1		209		  NaN
5	18	1		15.000	  NaN	0.0286		1		210		  NaN
5	19	1		15.000	  NaN	0.0110		1		211		  NaN
5	20	0		15.000	  NaN	0.0274		1		212		  NaN
5	21	0		15.000	  NaN	0.0130		1		213		  NaN
5	22	0		15.000	  NaN	0.0153		1		214		  NaN
5	23	0		15.000	  NaN	0.0140		1		215		  NaN
5	24	1		15.000	  NaN	0.0171		1		216		  NaN
5	25	1		15.000	  NaN	0.0162		1		217		  NaN
5	26	0		15.000	  NaN	0.0227		1		218		  NaN
5	27	0		15.000	  NaN	0.0010		1		219		  NaN
5	28	0		15.000	  NaN	0.0039		1		220		  NaN
5	29	0		15.000	  NaN	0.0024		1		221		  NaN
5	30	0		15.000	  NaN	0.0204		1		222		  NaN
trial	TR	prompt active	speed	ds	flip error	Found File #	ThisTR	CategSep
6	1	0		15.000	  NaN	-0.0000		1		235		  NaN
6	2	0		15.000	  NaN	0.0175		1		236		  NaN
6	3	0		15.000	  NaN	0.0017		1		237		  NaN
6	4	0		15.000	  NaN	0.0023		1		238		  NaN
6	5	0		15.000	  NaN	0.0035		1		239		  NaN
6	6	1		15.000	  NaN	0.0040		1		240		  NaN
6	7	1		15.000	  NaN	0.0052		1		241		  NaN
6	8	0		15.000	  NaN	0.0247		1		242		  NaN
6	9	0		15.000	  NaN	0.0067		1		243		  NaN
6	10	0		15.000	  NaN	0.0076		1		244		  NaN
6	11	0		15.000	  NaN	0.0249		1		245		  NaN
6	12	1		15.000	  NaN	0.0092		1		246		  NaN
6	13	1		15.000	  NaN	0.0102		1		247		  NaN
6	14	0		15.000	  NaN	0.0307		1		248		  NaN
6	15	0		15.000	  NaN	0.0098		1		249		  NaN
6	16	0		15.000	  NaN	0.0107		1		250		  NaN
6	17	0		15.000	  NaN	0.0135		1		251		  NaN
6	18	1		15.000	  NaN	0.0131		1		252		  NaN
6	19	1		15.000	  NaN	0.0135		1		253		  NaN
6	20	0		15.000	  NaN	0.0352		1		254		  NaN
6	21	0		15.000	  NaN	0.0146		1		255		  NaN
6	22	0		15.000	  NaN	0.0012		1		256		  NaN
6	23	0		15.000	  NaN	0.0021		1		257		  NaN
6	24	1		15.000	  NaN	0.0028		1		258		  NaN
6	25	1		15.000	  NaN	0.0014		1		259		  NaN
6	26	0		15.000	  NaN	0.0237		1		260		  NaN
6	27	0		15.000	  NaN	0.0037		1		261		  NaN
6	28	0		15.000	  NaN	0.0063		1		262		  NaN
6	29	0		15.000	  NaN	0.0053		1		263		  NaN
6	30	0		15.000	  NaN	0.0245		1		264		  NaN
trial	TR	prompt active	speed	ds	flip error	Found File #	ThisTR	CategSep
7	1	0		15.000	  NaN	0.0025		1		277		  NaN
7	2	0		15.000	  NaN	0.0198		1		278		  NaN
7	3	0		15.000	  NaN	0.0186		1		279		  NaN
7	4	0		15.000	  NaN	0.0025		1		280		  NaN
7	5	0		15.000	  NaN	0.0037		1		281		  NaN
7	6	1		15.000	  NaN	0.0232		1		282		  NaN
7	7	1		15.000	  NaN	0.0237		1		283		  NaN
7	8	0		15.000	  NaN	0.0254		1		284		  NaN
7	9	0		15.000	  NaN	0.0256		1		285		  NaN
7	10	0		15.000	  NaN	0.0100		1		286		  NaN
7	11	0		15.000	  NaN	0.0108		1		287		  NaN
7	12	1		15.000	  NaN	0.0113		1		288		  NaN
7	13	1		15.000	  NaN	0.0102		1		289		  NaN
7	14	0		15.000	  NaN	0.0277		1		290		  NaN
7	15	0		15.000	  NaN	0.0109		1		291		  NaN
7	16	0		15.000	  NaN	0.0126		1		292		  NaN
7	17	0		15.000	  NaN	0.0158		1		293		  NaN
7	18	1		15.000	  NaN	0.0145		1		294		  NaN
7	19	1		15.000	  NaN	0.0177		1		295		  NaN
7	20	0		15.000	  NaN	0.0211		1		296		  NaN
7	21	0		15.000	  NaN	0.0005		1		297		  NaN
7	22	0		15.000	  NaN	0.0200		1		298		  NaN
7	23	0		15.000	  NaN	0.0042		1		299		  NaN
7	24	1		15.000	  NaN	0.0052		1		300		  NaN
7	25	1		15.000	  NaN	0.0035		1		301		  NaN
7	26	0		15.000	  NaN	0.0043		1		302		  NaN
7	27	0		15.000	  NaN	0.0052		1		303		  NaN
7	28	0		15.000	  NaN	0.0248		1		304		  NaN
7	29	0		15.000	  NaN	0.0092		1		305		  NaN
7	30	0		15.000	  NaN	0.0079		1		306		  NaN
trial	TR	prompt active	speed	ds	flip error	Found File #	ThisTR	CategSep
8	1	0		15.000	  NaN	0.0048		1		319		  NaN
8	2	0		15.000	  NaN	0.0221		1		320		  NaN
8	3	0		15.000	  NaN	0.0229		1		321		  NaN
8	4	0		15.000	  NaN	0.0237		1		322		  NaN
8	5	0		15.000	  NaN	0.0080		1		323		  NaN
8	6	1		15.000	  NaN	0.0070		1		324		  NaN
8	7	1		15.000	  NaN	0.0094		1		325		  NaN
8	8	0		15.000	  NaN	0.0303		1		326		  NaN
8	9	0		15.000	  NaN	0.0093		1		327		  NaN
8	10	0		15.000	  NaN	0.0119		1		328		  NaN
8	11	0		15.000	  NaN	0.0108		1		329		  NaN
8	12	1		15.000	  NaN	0.0139		1		330		  NaN
8	13	1		15.000	  NaN	0.0125		1		331		  NaN
8	14	0		15.000	  NaN	0.0302		1		332		  NaN
8	15	0		15.000	  NaN	0.0143		1		333		  NaN
8	16	0		15.000	  NaN	-0.0017		1		334		  NaN
8	17	0		15.000	  NaN	0.0013		1		335		  NaN
8	18	1		15.000	  NaN	0.0161		1		336		  NaN
8	19	1		15.000	  NaN	0.0014		1		337		  NaN
8	20	0		15.000	  NaN	0.0186		1		338		  NaN
8	21	0		15.000	  NaN	0.0021		1		339		  NaN
8	22	0		15.000	  NaN	0.0035		1		340		  NaN
8	23	0		15.000	  NaN	0.0232		1		341		  NaN
8	24	1		15.000	  NaN	0.0050		1		342		  NaN
8	25	1		15.000	  NaN	0.0230		1		343		  NaN
8	26	0		15.000	  NaN	0.0463		1		344		  NaN
8	27	0		15.000	  NaN	0.0266		1		345		  NaN
8	28	0		15.000	  NaN	0.0274		1		346		  NaN
8	29	0		15.000	  NaN	0.0283		1		347		  NaN
8	30	0		15.000	  NaN	0.0125		1		348		  NaN
trial	TR	prompt active	speed	ds	flip error	Found File #	ThisTR	CategSep
1	1	0		14.350	  NaN	0.0073		1		25		  NaN
1	2	0		14.350	  NaN	0.0246		1		26		  NaN
1	3	0		14.350	  NaN	0.0089		1		27		  NaN
1	4	0		14.350	  NaN	0.0072		1		28		  NaN
1	5	0		14.350	  NaN	0.0273		1		29		  NaN
1	6	1		14.350	  NaN	0.0278		1		30		  NaN
1	7	1		14.350	  NaN	0.0104		1		31		  NaN
1	8	0		14.350	  NaN	0.0309		1		32		  NaN
1	9	0		14.350	  NaN	0.0120		1		33		  NaN
1	10	0		14.350	  NaN	0.0149		1		34		  NaN
1	11	0		14.350	  NaN	0.0156		1		35		  NaN
1	12	1		14.350	  NaN	0.0163		1		36		  NaN
1	13	1		14.350	  NaN	0.0152		1		37		  NaN
1	14	0		14.350	  NaN	0.0014		1		38		  NaN
1	15	0		14.350	  NaN	0.0002		1		39		  NaN
1	16	0		14.350	  NaN	0.0033		1		40		  NaN
1	17	0		14.350	  NaN	0.0039		1		41		  NaN
1	18	1		14.350	  NaN	0.0088		1		42		  NaN
1	19	1		14.350	  NaN	0.0058		1		43		  NaN
1	20	0		14.350	  NaN	0.0072		1		44		  NaN
1	21	0		14.350	  NaN	0.0058		1		45		  NaN
1	22	0		14.350	  NaN	0.0250		1		46		  NaN
1	23	0		14.350	  NaN	0.0256		1		47		  NaN
1	24	1		14.350	  NaN	0.0100		1		48		  NaN
1	25	1		14.350	  NaN	0.0106		1		49		  NaN
1	26	0		14.350	  NaN	0.0131		1		50		  NaN
1	27	0		14.350	  NaN	0.0292		1		51		  NaN
1	28	0		14.350	  NaN	0.0301		1		52		  NaN
1	29	0		14.350	  NaN	0.0308		1		53		  NaN
1	30	0		14.350	  NaN	0.0318		1		54		  NaN
trial	TR	prompt active	speed	ds	flip error	Found File #	ThisTR	CategSep
2	1	0		11.211	  NaN	0.0096		1		67		  NaN
2	2	0		11.211	  NaN	0.0270		1		68		  NaN
2	3	0		11.211	  NaN	0.0112		1		69		  NaN
2	4	0		11.211	  NaN	0.0096		1		70		  NaN
2	5	0		11.211	  NaN	0.0128		1		71		  NaN
2	6	1		11.211	  NaN	0.0113		1		72		  NaN
2	7	1		11.211	  NaN	0.0143		1		73		  NaN
2	8	0		11.211	  NaN	0.0297		1		74		  NaN
2	9	0		11.211	  NaN	0.0160		1		75		  NaN
2	10	0		11.211	  NaN	0.0005		1		76		  NaN
2	11	0		11.211	  NaN	0.0014		1		77		  NaN
2	12	1		11.211	  NaN	0.0021		1		78		  NaN
2	13	1		11.211	  NaN	0.0027		1		79		  NaN
2	14	0		11.211	  NaN	0.0049		1		80		  NaN
2	15	0		11.211	  NaN	0.0022		1		81		  NaN
2	16	0		11.211	  NaN	0.0032		1		82		  NaN
2	17	0		11.211	  NaN	0.0040		1		83		  NaN
2	18	1		11.211	  NaN	0.0047		1		84		  NaN
2	19	1		11.211	  NaN	0.0059		1		85		  NaN
2	20	0		11.211	  NaN	0.0279		1		86		  NaN
2	21	0		11.211	  NaN	0.0265		1		87		  NaN
2	22	0		11.211	  NaN	0.0274		1		88		  NaN
2	23	0		11.211	  NaN	0.0281		1		89		  NaN
2	24	1		11.211	  NaN	0.0291		1		90		  NaN
2	25	1		11.211	  NaN	0.0299		1		91		  NaN
2	26	0		11.211	  NaN	0.0280		1		92		  NaN
2	27	0		11.211	  NaN	0.0127		1		93		  NaN
2	28	0		11.211	  NaN	0.0137		1		94		  NaN
2	29	0		11.211	  NaN	0.0166		1		95		  NaN
2	30	0		11.211	  NaN	0.0005		1		96		  NaN
trial	TR	prompt active	speed	ds	flip error	Found File #	ThisTR	CategSep
3	1	0		12.100	  NaN	0.0120		1		109		  NaN
3	2	0		12.100	  NaN	0.0291		1		110		  NaN
3	3	0		12.100	  NaN	0.0135		1		111		  NaN
3	4	0		12.100	  NaN	0.0114		1		112		  NaN
3	5	0		12.100	  NaN	0.0129		1		113		  NaN
3	6	1		12.100	  NaN	0.0159		1		114		  NaN
3	7	1		12.100	  NaN	0.0168		1		115		  NaN
3	8	0		12.100	  NaN	0.0042		1		116		  NaN
3	9	0		12.100	  NaN	0.0020		1		117		  NaN
3	10	0		12.100	  NaN	0.0026		1		118		  NaN
3	11	0		12.100	  NaN	0.0036		1		119		  NaN
3	12	1		12.100	  NaN	0.0045		1		120		  NaN
3	13	1		12.100	  NaN	0.0051		1		121		  NaN
3	14	0		12.100	  NaN	0.0083		1		122		  NaN
3	15	0		12.100	  NaN	0.0050		1		123		  NaN
3	16	0		12.100	  NaN	0.0246		1		124		  NaN
3	17	0		12.100	  NaN	0.0063		1		125		  NaN
3	18	1		12.100	  NaN	0.0260		1		126		  NaN
3	19	1		12.100	  NaN	0.0083		1		127		  NaN
3	20	0		12.100	  NaN	0.0305		1		128		  NaN
3	21	0		12.100	  NaN	0.0093		1		129		  NaN
3	22	0		12.100	  NaN	0.0109		1		130		  NaN
3	23	0		12.100	  NaN	0.0139		1		131		  NaN
3	24	1		12.100	  NaN	0.0146		1		132		  NaN
3	25	1		12.100	  NaN	0.0155		1		133		  NaN
3	26	0		12.100	  NaN	0.0353		1		134		  NaN
3	27	0		12.100	  NaN	0.0172		1		135		  NaN
3	28	0		12.100	  NaN	0.0014		1		136		  NaN
3	29	0		12.100	  NaN	0.0019		1		137		  NaN
3	30	0		12.100	  NaN	0.0008		1		138		  NaN
trial	TR	prompt active	speed	ds	flip error	Found File #	ThisTR	CategSep
4	1	0		12.739	  NaN	0.0143		1		151		  NaN
4	2	0		12.739	  NaN	0.0148		1		152		  NaN
4	3	0		12.739	  NaN	0.0159		1		153		  NaN
4	4	0		12.739	  NaN	0.0168		1		154		  NaN
4	5	0		12.739	  NaN	0.0008		1		155		  NaN
4	6	1		12.739	  NaN	0.0016		1		156		  NaN
4	7	1		12.739	  NaN	0.0027		1		157		  NaN
4	8	0		12.739	  NaN	0.0067		1		158		  NaN
4	9	0		12.739	  NaN	0.0018		1		159		  NaN
4	10	0		12.739	  NaN	0.0049		1		160		  NaN
4	11	0		12.739	  NaN	0.0038		1		161		  NaN
4	12	1		12.739	  NaN	0.0049		1		162		  NaN
4	13	1		12.739	  NaN	0.0053		1		163		  NaN
4	14	0		12.739	  NaN	0.0281		1		164		  NaN
4	15	0		12.739	  NaN	0.0080		1		165		  NaN
4	16	0		12.739	  NaN	0.0075		1		166		  NaN
4	17	0		12.739	  NaN	0.0086		1		167		  NaN
4	18	1		12.739	  NaN	0.0118		1		168		  NaN
4	19	1		12.739	  NaN	0.0128		1		169		  NaN
4	20	0		12.739	  NaN	0.0115		1		170		  NaN
4	21	0		12.739	  NaN	0.0126		1		171		  NaN
4	22	0		12.739	  NaN	0.0121		1		172		  NaN
4	23	0		12.739	  NaN	0.0142		1		173		  NaN
4	24	1		12.739	  NaN	0.0004		1		174		  NaN
4	25	1		12.739	  NaN	0.0009		1		175		  NaN
4	26	0		12.739	  NaN	0.0034		1		176		  NaN
4	27	0		12.739	  NaN	0.0010		1		177		  NaN
4	28	0		12.739	  NaN	0.0035		1		178		  NaN
4	29	0		12.739	  NaN	0.0045		1		179		  NaN
4	30	0		12.739	  NaN	0.0055		1		180		  NaN
trial	TR	prompt active	speed	ds	flip error	Found File #	ThisTR	CategSep
5	1	0		11.318	  NaN	0.0163		1		193		  NaN
5	2	0		11.318	  NaN	0.0172		1		194		  NaN
5	3	0		11.318	  NaN	0.0014		1		195		  NaN
5	4	0		11.318	  NaN	0.0024		1		196		  NaN
5	5	0		11.318	  NaN	0.0028		1		197		  NaN
5	6	1		11.318	  NaN	0.0037		1		198		  NaN
5	7	1		11.318	  NaN	0.0047		1		199		  NaN
5	8	0		11.318	  NaN	0.0066		1		200		  NaN
5	9	0		11.318	  NaN	0.0049		1		201		  NaN
5	10	0		11.318	  NaN	0.0070		1		202		  NaN
5	11	0		11.318	  NaN	0.0079		1		203		  NaN
5	12	1		11.318	  NaN	0.0090		1		204		  NaN
5	13	1		11.318	  NaN	0.0264		1		205		  NaN
5	14	0		11.318	  NaN	0.0255		1		206		  NaN
5	15	0		11.318	  NaN	0.0096		1		207		  NaN
5	16	0		11.318	  NaN	0.0292		1		208		  NaN
5	17	0		11.318	  NaN	0.0134		1		209		  NaN
5	18	1		11.318	  NaN	0.0142		1		210		  NaN
5	19	1		11.318	  NaN	0.0151		1		211		  NaN
5	20	0		11.318	  NaN	0.0140		1		212		  NaN
5	21	0		11.318	  NaN	0.0167		1		213		  NaN
5	22	0		11.318	  NaN	0.0008		1		214		  NaN
5	23	0		11.318	  NaN	0.0162		1		215		  NaN
5	24	1		11.318	  NaN	0.0023		1		216		  NaN
5	25	1		11.318	  NaN	0.0016		1		217		  NaN
5	26	0		11.318	  NaN	0.0085		1		218		  NaN
5	27	0		11.318	  NaN	0.0028		1		219		  NaN
5	28	0		11.318	  NaN	0.0059		1		220		  NaN
5	29	0		11.318	  NaN	0.0066		1		221		  NaN
5	30	0		11.318	  NaN	0.0077		1		222		  NaN
trial	TR	prompt active	speed	ds	flip error	Found File #	ThisTR	CategSep
6	1	0		11.807	  NaN	0.0113		1		235		  NaN
6	2	0		11.807	  NaN	0.0121		1		236		  NaN
6	3	0		11.807	  NaN	0.0129		1		237		  NaN
6	4	0		11.807	  NaN	0.0139		1		238		  NaN
6	5	0		11.807	  NaN	0.0149		1		239		  NaN
6	6	1		11.807	  NaN	-0.0011		1		240		  NaN
6	7	1		11.807	  NaN	0.0163		1		241		  NaN
6	8	0		11.807	  NaN	0.0360		1		242		  NaN
6	9	0		11.807	  NaN	0.0016		1		243		  NaN
6	10	0		11.807	  NaN	0.0023		1		244		  NaN
6	11	0		11.807	  NaN	0.0032		1		245		  NaN
6	12	1		11.807	  NaN	0.0042		1		246		  NaN
6	13	1		11.807	  NaN	0.0050		1		247		  NaN
6	14	0		11.807	  NaN	0.0247		1		248		  NaN
6	15	0		11.807	  NaN	0.0044		1		249		  NaN
6	16	0		11.807	  NaN	0.0076		1		250		  NaN
6	17	0		11.807	  NaN	0.0060		1		251		  NaN
6	18	1		11.807	  NaN	0.0092		1		252		  NaN
6	19	1		11.807	  NaN	0.0101		1		253		  NaN
6	20	0		11.807	  NaN	0.0149		1		254		  NaN
6	21	0		11.807	  NaN	0.0099		1		255		  NaN
6	22	0		11.807	  NaN	0.0101		1		256		  NaN
6	23	0		11.807	  NaN	0.0115		1		257		  NaN
6	24	1		11.807	  NaN	-0.0026		1		258		  NaN
6	25	1		11.807	  NaN	-0.0041		1		259		  NaN
6	26	0		11.807	  NaN	0.0209		1		260		  NaN
6	27	0		11.807	  NaN	-0.0020		1		261		  NaN
6	28	0		11.807	  NaN	0.0177		1		262		  NaN
6	29	0		11.807	  NaN	0.0017		1		263		  NaN
6	30	0		11.807	  NaN	0.0025		1		264		  NaN
trial	TR	prompt active	speed	ds	flip error	Found File #	ThisTR	CategSep
7	1	0		10.324	  NaN	0.0137		1		277		  NaN
7	2	0		10.324	  NaN	0.0146		1		278		  NaN
7	3	0		10.324	  NaN	0.0155		1		279		  NaN
7	4	0		10.324	  NaN	-0.0002		1		280		  NaN
7	5	0		10.324	  NaN	0.0005		1		281		  NaN
7	6	1		10.324	  NaN	0.0014		1		282		  NaN
7	7	1		10.324	  NaN	0.0023		1		283		  NaN
7	8	0		10.324	  NaN	0.0223		1		284		  NaN
7	9	0		10.324	  NaN	0.0020		1		285		  NaN
7	10	0		10.324	  NaN	0.0046		1		286		  NaN
7	11	0		10.324	  NaN	0.0056		1		287		  NaN
7	12	1		10.324	  NaN	0.0062		1		288		  NaN
7	13	1		10.324	  NaN	0.0074		1		289		  NaN
7	14	0		10.324	  NaN	0.0277		1		290		  NaN
7	15	0		10.324	  NaN	0.0069		1		291		  NaN
7	16	0		10.324	  NaN	0.0097		1		292		  NaN
7	17	0		10.324	  NaN	0.0103		1		293		  NaN
7	18	1		10.324	  NaN	0.0115		1		294		  NaN
7	19	1		10.324	  NaN	0.0123		1		295		  NaN
7	20	0		10.324	  NaN	0.0326		1		296		  NaN
7	21	0		10.324	  NaN	0.0141		1		297		  NaN
7	22	0		10.324	  NaN	0.0140		1		298		  NaN
7	23	0		10.324	  NaN	-0.0029		1		299		  NaN
7	24	1		10.324	  NaN	-0.0002		1		300		  NaN
7	25	1		10.324	  NaN	-0.0015		1		301		  NaN
7	26	0		10.324	  NaN	0.0210		1		302		  NaN
7	27	0		10.324	  NaN	0.0001		1		303		  NaN
7	28	0		10.324	  NaN	0.0033		1		304		  NaN
7	29	0		10.324	  NaN	0.0042		1		305		  NaN
7	30	0		10.324	  NaN	0.0026		1		306		  NaN
trial	TR	prompt active	speed	ds	flip error	Found File #	ThisTR	CategSep
8	1	0		11.046	  NaN	0.0160		1		319		  NaN
8	2	0		11.046	  NaN	0.0001		1		320		  NaN
8	3	0		11.046	  NaN	0.0008		1		321		  NaN
8	4	0		11.046	  NaN	-0.0013		1		322		  NaN
8	5	0		11.046	  NaN	0.0006		1		323		  NaN
8	6	1		11.046	  NaN	0.0018		1		324		  NaN
8	7	1		11.046	  NaN	0.0023		1		325		  NaN
8	8	0		11.046	  NaN	0.0201		1		326		  NaN
8	9	0		11.046	  NaN	0.0060		1		327		  NaN
8	10	0		11.046	  NaN	0.0047		1		328		  NaN
8	11	0		11.046	  NaN	0.0055		1		329		  NaN
8	12	1		11.046	  NaN	0.0088		1		330		  NaN
8	13	1		11.046	  NaN	0.0097		1		331		  NaN
8	14	0		11.046	  NaN	0.0147		1		332		  NaN
8	15	0		11.046	  NaN	0.0087		1		333		  NaN
8	16	0		11.046	  NaN	0.0099		1		334		  NaN
8	17	0		11.046	  NaN	0.0109		1		335		  NaN
8	18	1		11.046	  NaN	0.0107		1		336		  NaN
8	19	1		11.046	  NaN	-0.0044		1		337		  NaN
8	20	0		11.046	  NaN	0.0179		1		338		  NaN
8	21	0		11.046	  NaN	-0.0023		1		339		  NaN
8	22	0		11.046	  NaN	0.0148		1		340		  NaN
8	23	0		11.046	  NaN	0.0014		1		341		  NaN
8	24	1		11.046	  NaN	0.0023		1		342		  NaN
8	25	1		11.046	  NaN	0.0031		1		343		  NaN
8	26	0		11.046	  NaN	0.0175		1		344		  NaN
8	27	0		11.046	  NaN	0.0025		1		345		  NaN
8	28	0		11.046	  NaN	0.0037		1		346		  NaN
8	29	0		11.046	  NaN	0.0066		1		347		  NaN
8	30	0		11.046	  NaN	0.0051		1		348		  NaN
trial	TR	prompt active	speed	ds	flip error	Found File #	ThisTR	CategSep
9	1	0		11.314	  NaN	0.0186		1		361		  NaN
9	2	0		11.314	  NaN	0.0022		1		362		  NaN
9	3	0		11.314	  NaN	0.0034		1		363		  NaN
9	4	0		11.314	  NaN	0.0040		1		364		  NaN
9	5	0		11.314	  NaN	0.0051		1		365		  NaN
9	6	1		11.314	  NaN	0.0036		1		366		  NaN
9	7	1		11.314	  NaN	0.0067		1		367		  NaN
9	8	0		11.314	  NaN	0.0218		1		368		  NaN
9	9	0		11.314	  NaN	0.0085		1		369		  NaN
9	10	0		11.314	  NaN	0.0093		1		370		  NaN
9	11	0		11.314	  NaN	0.0100		1		371		  NaN
9	12	1		11.314	  NaN	0.0112		1		372		  NaN
9	13	1		11.314	  NaN	0.0116		1		373		  NaN
9	14	0		11.314	  NaN	0.0270		1		374		  NaN
9	15	0		11.314	  NaN	-0.0030		1		375		  NaN
9	16	0		11.314	  NaN	-0.0023		1		376		  NaN
9	17	0		11.314	  NaN	-0.0035		1		377		  NaN
9	18	1		11.314	  NaN	0.0162		1		378		  NaN
9	19	1		11.314	  NaN	-0.0012		1		379		  NaN
9	20	0		11.314	  NaN	0.0226		1		380		  NaN
9	21	0		11.314	  NaN	0.0001		1		381		  NaN
9	22	0		11.314	  NaN	0.0026		1		382		  NaN
9	23	0		11.314	  NaN	0.0034		1		383		  NaN
9	24	1		11.314	  NaN	0.0044		1		384		  NaN
9	25	1		11.314	  NaN	0.0051		1		385		  NaN
9	26	0		11.314	  NaN	0.0271		1		386		  NaN
9	27	0		11.314	  NaN	0.0049		1		387		  NaN
9	28	0		11.314	  NaN	0.0056		1		388		  NaN
9	29	0		11.314	  NaN	0.0087		1		389		  NaN
9	30	0		11.314	  NaN	0.0076		1		390		  NaN
trial	TR	prompt active	speed	ds	flip error	Found File #	ThisTR	CategSep
10	1	0		11.314	  NaN	0.0040		1		403		  NaN
10	2	0		11.314	  NaN	0.0049		1		404		  NaN
10	3	0		11.314	  NaN	0.0057		1		405		  NaN
10	4	0		11.314	  NaN	0.0067		1		406		  NaN
10	5	0		11.314	  NaN	0.0075		1		407		  NaN
10	6	1		11.314	  NaN	0.0083		1		408		  NaN
10	7	1		11.314	  NaN	0.0091		1		409		  NaN
10	8	0		11.314	  NaN	0.0248		1		410		  NaN
10	9	0		11.314	  NaN	0.0085		1		411		  NaN
10	10	0		11.314	  NaN	0.0115		1		412		  NaN
10	11	0		11.314	  NaN	0.0106		1		413		  NaN
10	12	1		11.314	  NaN	0.0132		1		414		  NaN
10	13	1		11.314	  NaN	0.0142		1		415		  NaN
10	14	0		11.314	  NaN	0.0150		1		416		  NaN
10	15	0		11.314	  NaN	-0.0031		1		417		  NaN
10	16	0		11.314	  NaN	-0.0000		1		418		  NaN
10	17	0		11.314	  NaN	-0.0015		1		419		  NaN
10	18	1		11.314	  NaN	0.0019		1		420		  NaN
10	19	1		11.314	  NaN	0.0005		1		421		  NaN
10	20	0		11.314	  NaN	0.0240		1		422		  NaN
10	21	0		11.314	  NaN	0.0011		1		423		  NaN
10	22	0		11.314	  NaN	0.0036		1		424		  NaN
10	23	0		11.314	  NaN	0.0036		1		425		  NaN
10	24	1		11.314	  NaN	0.0067		1		426		  NaN
10	25	1		11.314	  NaN	0.0076		1		427		  NaN
10	26	0		11.314	  NaN	0.0286		1		428		  NaN
10	27	0		11.314	  NaN	0.0094		1		429		  NaN
10	28	0		11.314	  NaN	0.0101		1		430		  NaN
10	29	0		11.314	  NaN	0.0113		1		431		  NaN
10	30	0		11.314	  NaN	0.0095		1		432		  NaN
trial	TR	prompt active	speed	ds	flip error	Found File #	ThisTR	CategSep
11	1	0		10.366	  NaN	0.0053		1		445		  NaN
11	2	0		10.366	  NaN	0.0228		1		446		  NaN
11	3	0		10.366	  NaN	0.0218		1		447		  NaN
11	4	0		10.366	  NaN	0.0051		1		448		  NaN
11	5	0		10.366	  NaN	0.0069		1		449		  NaN
11	6	1		10.366	  NaN	0.0096		1		450		  NaN
11	7	1		10.366	  NaN	0.0105		1		451		  NaN
11	8	0		10.366	  NaN	0.0321		1		452		  NaN
11	9	0		10.366	  NaN	0.0098		1		453		  NaN
11	10	0		10.366	  NaN	0.0107		1		454		  NaN
11	11	0		10.366	  NaN	0.0138		1		455		  NaN
11	12	1		10.366	  NaN	0.0145		1		456		  NaN
11	13	1		10.366	  NaN	0.0153		1		457		  NaN
11	14	0		10.366	  NaN	0.0307		1		458		  NaN
11	15	0		10.366	  NaN	0.0004		1		459		  NaN
11	16	0		10.366	  NaN	0.0158		1		460		  NaN
11	17	0		10.366	  NaN	0.0191		1		461		  NaN
11	18	1		10.366	  NaN	0.0197		1		462		  NaN
11	19	1		10.366	  NaN	0.0205		1		463		  NaN
11	20	0		10.366	  NaN	0.0259		1		464		  NaN
11	21	0		10.366	  NaN	0.0025		1		465		  NaN
11	22	0		10.366	  NaN	0.0041		1		466		  NaN
11	23	0		10.366	  NaN	0.0075		1		467		  NaN
11	24	1		10.366	  NaN	0.0251		1		468		  NaN
11	25	1		10.366	  NaN	0.0069		1		469		  NaN
11	26	0		10.366	  NaN	0.0481		1		470		  NaN
11	27	0		10.366	  NaN	0.0109		1		471		  NaN
11	28	0		10.366	  NaN	0.0115		1		472		  NaN
11	29	0		10.366	  NaN	0.0123		1		473		  NaN
11	30	0		10.366	  NaN	0.0131		1		474		  NaN
trial	TR	prompt active	speed	ds	flip error	Found File #	ThisTR	CategSep
12	1	0		8.357	  NaN	0.0076		1		487		  NaN
12	2	0		8.357	  NaN	0.0251		1		488		  NaN
12	3	0		8.357	  NaN	0.0094		1		489		  NaN
12	4	0		8.357	  NaN	0.0103		1		490		  NaN
12	5	0		8.357	  NaN	0.0109		1		491		  NaN
12	6	1		8.357	  NaN	0.0117		1		492		  NaN
12	7	1		8.357	  NaN	0.0104		1		493		  NaN
12	8	0		8.357	  NaN	0.0304		1		494		  NaN
12	9	0		8.357	  NaN	0.0121		1		495		  NaN
12	10	0		8.357	  NaN	0.0153		1		496		  NaN
12	11	0		8.357	  NaN	0.0159		1		497		  NaN
12	12	1		8.357	  NaN	0.0168		1		498		  NaN
12	13	1		8.357	  NaN	0.0177		1		499		  NaN
12	14	0		8.357	  NaN	0.0358		1		500		  NaN
12	15	0		8.357	  NaN	0.0194		1		501		  NaN
12	16	0		8.357	  NaN	0.0016		1		502		  NaN
12	17	0		8.357	  NaN	0.0211		1		503		  NaN
12	18	1		8.357	  NaN	0.0037		1		504		  NaN
12	19	1		8.357	  NaN	0.0040		1		505		  NaN
12	20	0		8.357	  NaN	0.0215		1		506		  NaN
12	21	0		8.357	  NaN	0.0079		1		507		  NaN
12	22	0		8.357	  NaN	0.0233		1		508		  NaN
12	23	0		8.357	  NaN	0.0097		1		509		  NaN
12	24	1		8.357	  NaN	0.0106		1		510		  NaN
12	25	1		8.357	  NaN	0.0115		1		511		  NaN
12	26	0		8.357	  NaN	0.0313		1		512		  NaN
12	27	0		8.357	  NaN	0.0103		1		513		  NaN
12	28	0		8.357	  NaN	0.0122		1		514		  NaN
12	29	0		8.357	  NaN	0.0131		1		515		  NaN
12	30	0		8.357	  NaN	0.0127		1		516		  NaN
trial	TR	prompt active	speed	ds	flip error	Found File #	ThisTR	CategSep
13	1	0		9.007	  NaN	0.0099		1		529		  NaN
13	2	0		9.007	  NaN	0.0110		1		530		  NaN
13	3	0		9.007	  NaN	0.0118		1		531		  NaN
13	4	0		9.007	  NaN	0.0102		1		532		  NaN
13	5	0		9.007	  NaN	0.0132		1		533		  NaN
13	6	1		9.007	  NaN	0.0143		1		534		  NaN
13	7	1		9.007	  NaN	0.0151		1		535		  NaN
13	8	0		9.007	  NaN	0.0375		1		536		  NaN
13	9	0		9.007	  NaN	0.0145		1		537		  NaN
13	10	0		9.007	  NaN	0.0008		1		538		  NaN
13	11	0		9.007	  NaN	-0.0005		1		539		  NaN
13	12	1		9.007	  NaN	0.0195		1		540		  NaN
13	13	1		9.007	  NaN	0.0011		1		541		  NaN
13	14	0		9.007	  NaN	0.0231		1		542		  NaN
13	15	0		9.007	  NaN	0.0034		1		543		  NaN
13	16	0		9.007	  NaN	0.0061		1		544		  NaN
13	17	0		9.007	  NaN	0.0045		1		545		  NaN
13	18	1		9.007	  NaN	0.0079		1		546		  NaN
13	19	1		9.007	  NaN	0.0252		1		547		  NaN
13	20	0		9.007	  NaN	0.0423		1		548		  NaN
13	21	0		9.007	  NaN	0.0078		1		549		  NaN
13	22	0		9.007	  NaN	0.0113		1		550		  NaN
13	23	0		9.007	  NaN	0.0102		1		551		  NaN
13	24	1		9.007	  NaN	0.0127		1		552		  NaN
13	25	1		9.007	  NaN	0.0135		1		553		  NaN
13	26	0		9.007	  NaN	0.0314		1		554		  NaN
13	27	0		9.007	  NaN	0.0153		1		555		  NaN
13	28	0		9.007	  NaN	0.0162		1		556		  NaN
13	29	0		9.007	  NaN	-0.0019		1		557		  NaN
13	30	0		9.007	  NaN	0.0179		1		558		  NaN
trial	TR	prompt active	speed	ds	flip error	Found File #	ThisTR	CategSep
14	1	0		9.442	  NaN	0.0123		1		571		  NaN
14	2	0		9.442	  NaN	0.0133		1		572		  NaN
14	3	0		9.442	  NaN	0.0139		1		573		  NaN
14	4	0		9.442	  NaN	0.0147		1		574		  NaN
14	5	0		9.442	  NaN	0.0155		1		575		  NaN
14	6	1		9.442	  NaN	0.0166		1		576		  NaN
14	7	1		9.442	  NaN	0.0174		1		577		  NaN
14	8	0		9.442	  NaN	0.0145		1		578		  NaN
14	9	0		9.442	  NaN	0.0006		1		579		  NaN
14	10	0		9.442	  NaN	0.0198		1		580		  NaN
14	11	0		9.442	  NaN	0.0009		1		581		  NaN
14	12	1		9.442	  NaN	0.0030		1		582		  NaN
14	13	1		9.442	  NaN	0.0040		1		583		  NaN
14	14	0		9.442	  NaN	0.0216		1		584		  NaN
14	15	0		9.442	  NaN	0.0075		1		585		  NaN
14	16	0		9.442	  NaN	0.0082		1		586		  NaN
14	17	0		9.442	  NaN	0.0093		1		587		  NaN
14	18	1		9.442	  NaN	0.0102		1		588		  NaN
14	19	1		9.442	  NaN	0.0108		1		589		  NaN
14	20	0		9.442	  NaN	0.0257		1		590		  NaN
14	21	0		9.442	  NaN	0.0126		1		591		  NaN
14	22	0		9.442	  NaN	0.0117		1		592		  NaN
14	23	0		9.442	  NaN	0.0144		1		593		  NaN
14	24	1		9.442	  NaN	0.0128		1		594		  NaN
14	25	1		9.442	  NaN	0.0136		1		595		  NaN
14	26	0		9.442	  NaN	0.0139		1		596		  NaN
14	27	0		9.442	  NaN	0.0176		1		597		  NaN
14	28	0		9.442	  NaN	0.0186		1		598		  NaN
14	29	0		9.442	  NaN	0.0028		1		599		  NaN
14	30	0		9.442	  NaN	0.0013		1		600		  NaN
trial	TR	prompt active	speed	ds	flip error	Found File #	ThisTR	CategSep
15	1	0		9.746	  NaN	-0.0020		1		613		  NaN
15	2	0		9.746	  NaN	0.0155		1		614		  NaN
15	3	0		9.746	  NaN	0.0166		1		615		  NaN
15	4	0		9.746	  NaN	0.0153		1		616		  NaN
15	5	0		9.746	  NaN	0.0182		1		617		  NaN
15	6	1		9.746	  NaN	0.0191		1		618		  NaN
15	7	1		9.746	  NaN	0.0199		1		619		  NaN
15	8	0		9.746	  NaN	0.0174		1		620		  NaN
15	9	0		9.746	  NaN	0.0212		1		621		  NaN
15	10	0		9.746	  NaN	0.0223		1		622		  NaN
15	11	0		9.746	  NaN	0.0230		1		623		  NaN
15	12	1		9.746	  NaN	0.0238		1		624		  NaN
15	13	1		9.746	  NaN	0.0225		1		625		  NaN
15	14	0		9.746	  NaN	0.0280		1		626		  NaN
15	15	0		9.746	  NaN	0.0099		1		627		  NaN
15	16	0		9.746	  NaN	0.0106		1		628		  NaN
15	17	0		9.746	  NaN	0.0116		1		629		  NaN
15	18	1		9.746	  NaN	0.0123		1		630		  NaN
15	19	1		9.746	  NaN	0.0116		1		631		  NaN
15	20	0		9.746	  NaN	0.0286		1		632		  NaN
15	21	0		9.746	  NaN	0.0148		1		633		  NaN
15	22	0		9.746	  NaN	0.0158		1		634		  NaN
15	23	0		9.746	  NaN	0.0165		1		635		  NaN
15	24	1		9.746	  NaN	0.0010		1		636		  NaN
15	25	1		9.746	  NaN	0.0182		1		637		  NaN
15	26	0		9.746	  NaN	0.0168		1		638		  NaN
15	27	0		9.746	  NaN	0.0014		1		639		  NaN
15	28	0		9.746	  NaN	0.0210		1		640		  NaN
15	29	0		9.746	  NaN	0.0216		1		641		  NaN
15	30	0		9.746	  NaN	0.0035		1		642		  NaN
trial	TR	prompt active	speed	ds	flip error	Found File #	ThisTR	CategSep
16	1	0		9.967	  NaN	0.0098		1		655		  NaN
16	2	0		9.967	  NaN	0.0105		1		656		  NaN
16	3	0		9.967	  NaN	0.0115		1		657		  NaN
16	4	0		9.967	  NaN	0.0123		1		658		  NaN
16	5	0		9.967	  NaN	0.0114		1		659		  NaN
16	6	1		9.967	  NaN	0.0140		1		660		  NaN
16	7	1		9.967	  NaN	0.0148		1		661		  NaN
16	8	0		9.967	  NaN	0.0142		1		662		  NaN
16	9	0		9.967	  NaN	0.0165		1		663		  NaN
16	10	0		9.967	  NaN	-0.0016		1		664		  NaN
16	11	0		9.967	  NaN	0.0182		1		665		  NaN
16	12	1		9.967	  NaN	0.0190		1		666		  NaN
16	13	1		9.967	  NaN	0.0009		1		667		  NaN
16	14	0		9.967	  NaN	0.0359		1		668		  NaN
16	15	0		9.967	  NaN	0.0027		1		669		  NaN
16	16	0		9.967	  NaN	0.0226		1		670		  NaN
16	17	0		9.967	  NaN	0.0044		1		671		  NaN
16	18	1		9.967	  NaN	0.0078		1		672		  NaN
16	19	1		9.967	  NaN	0.0084		1		673		  NaN
16	20	0		9.967	  NaN	0.0245		1		674		  NaN
16	21	0		9.967	  NaN	0.0078		1		675		  NaN
16	22	0		9.967	  NaN	0.0112		1		676		  NaN
16	23	0		9.967	  NaN	0.0118		1		677		  NaN
16	24	1		9.967	  NaN	0.0126		1		678		  NaN
16	25	1		9.967	  NaN	0.0136		1		679		  NaN
16	26	0		9.967	  NaN	0.0157		1		680		  NaN
16	27	0		9.967	  NaN	-0.0038		1		681		  NaN
16	28	0		9.967	  NaN	0.0161		1		682		  NaN
16	29	0		9.967	  NaN	0.0169		1		683		  NaN
16	30	0		9.967	  NaN	0.0179		1		684		  NaN
trial	TR	prompt active	speed	ds	flip error	Found File #	ThisTR	CategSep
17	1	0		10.144	  NaN	0.0125		1		697		  NaN
17	2	0		10.144	  NaN	0.0130		1		698		  NaN
17	3	0		10.144	  NaN	0.0121		1		699		  NaN
17	4	0		10.144	  NaN	0.0125		1		700		  NaN
17	5	0		10.144	  NaN	0.0133		1		701		  NaN
17	6	1		10.144	  NaN	0.0166		1		702		  NaN
17	7	1		10.144	  NaN	0.0175		1		703		  NaN
17	8	0		10.144	  NaN	0.0167		1		704		  NaN
17	9	0		10.144	  NaN	0.0189		1		705		  NaN
17	10	0		10.144	  NaN	0.0010		1		706		  NaN
17	11	0		10.144	  NaN	0.0208		1		707		  NaN
17	12	1		10.144	  NaN	0.0051		1		708		  NaN
17	13	1		10.144	  NaN	0.0033		1		709		  NaN
17	14	0		10.144	  NaN	0.0218		1		710		  NaN
17	15	0		10.144	  NaN	0.0046		1		711		  NaN
17	16	0		10.144	  NaN	0.0064		1		712		  NaN
17	17	0		10.144	  NaN	0.0069		1		713		  NaN
17	18	1		10.144	  NaN	0.0079		1		714		  NaN
17	19	1		10.144	  NaN	0.0086		1		715		  NaN
17	20	0		10.144	  NaN	0.0253		1		716		  NaN
17	21	0		10.144	  NaN	0.0124		1		717		  NaN
17	22	0		10.144	  NaN	0.0132		1		718		  NaN
17	23	0		10.144	  NaN	0.0120		1		719		  NaN
17	24	1		10.144	  NaN	0.0149		1		720		  NaN
17	25	1		10.144	  NaN	0.0136		1		721		  NaN
17	26	0		10.144	  NaN	0.0154		1		722		  NaN
17	27	0		10.144	  NaN	0.0156		1		723		  NaN
17	28	0		10.144	  NaN	0.0183		1		724		  NaN
17	29	0		10.144	  NaN	0.0193		1		725		  NaN
17	30	0		10.144	  NaN	0.0200		1		726		  NaN
trial	TR	prompt active	speed	ds	flip error	Found File #	ThisTR	CategSep
18	1	0		10.264	  NaN	0.0147		1		739		  NaN
18	2	0		10.264	  NaN	0.0152		1		740		  NaN
18	3	0		10.264	  NaN	-0.0027		1		741		  NaN
18	4	0		10.264	  NaN	0.0001		1		742		  NaN
18	5	0		10.264	  NaN	0.0181		1		743		  NaN
18	6	1		10.264	  NaN	0.0023		1		744		  NaN
18	7	1		10.264	  NaN	0.0008		1		745		  NaN
18	8	0		10.264	  NaN	0.0033		1		746		  NaN
18	9	0		10.264	  NaN	0.0047		1		747		  NaN
18	10	0		10.264	  NaN	0.0054		1		748		  NaN
18	11	0		10.264	  NaN	0.0040		1		749		  NaN
18	12	1		10.264	  NaN	0.0073		1		750		  NaN
18	13	1		10.264	  NaN	0.0082		1		751		  NaN
18	14	0		10.264	  NaN	0.0255		1		752		  NaN
18	15	0		10.264	  NaN	0.0099		1		753		  NaN
18	16	0		10.264	  NaN	0.0106		1		754		  NaN
18	17	0		10.264	  NaN	0.0089		1		755		  NaN
18	18	1		10.264	  NaN	0.0121		1		756		  NaN
18	19	1		10.264	  NaN	0.0129		1		757		  NaN
18	20	0		10.264	  NaN	0.0297		1		758		  NaN
18	21	0		10.264	  NaN	0.0150		1		759		  NaN
18	22	0		10.264	  NaN	0.0139		1		760		  NaN
18	23	0		10.264	  NaN	-0.0020		1		761		  NaN
18	24	1		10.264	  NaN	-0.0015		1		762		  NaN
18	25	1		10.264	  NaN	0.0159		1		763		  NaN
18	26	0		10.264	  NaN	0.0163		1		764		  NaN
18	27	0		10.264	  NaN	0.0015		1		765		  NaN
18	28	0		10.264	  NaN	0.0042		1		766		  NaN
18	29	0		10.264	  NaN	0.0050		1		767		  NaN
18	30	0		10.264	  NaN	0.0057		1		768		  NaN
trial	TR	prompt active	speed	ds	flip error	Found File #	ThisTR	CategSep
19	1	0		10.386	  NaN	0.0002		1		781		  NaN
19	2	0		10.386	  NaN	0.0176		1		782		  NaN
19	3	0		10.386	  NaN	0.0187		1		783		  NaN
19	4	0		10.386	  NaN	0.0027		1		784		  NaN
19	5	0		10.386	  NaN	0.0006		1		785		  NaN
19	6	1		10.386	  NaN	0.0022		1		786		  NaN
19	7	1		10.386	  NaN	0.0051		1		787		  NaN
19	8	0		10.386	  NaN	0.0396		1		788		  NaN
19	9	0		10.386	  NaN	0.0047		1		789		  NaN
19	10	0		10.386	  NaN	0.0080		1		790		  NaN
19	11	0		10.386	  NaN	0.0086		1		791		  NaN
19	12	1		10.386	  NaN	0.0083		1		792		  NaN
19	13	1		10.386	  NaN	0.0084		1		793		  NaN
19	14	0		10.386	  NaN	0.0460		1		794		  NaN
19	15	0		10.386	  NaN	0.0119		1		795		  NaN
19	16	0		10.386	  NaN	0.0103		1		796		  NaN
19	17	0		10.386	  NaN	0.0114		1		797		  NaN
19	18	1		10.386	  NaN	0.0123		1		798		  NaN
19	19	1		10.386	  NaN	0.0127		1		799		  NaN
19	20	0		10.386	  NaN	0.0302		1		800		  NaN
19	21	0		10.386	  NaN	-0.0017		1		801		  NaN
19	22	0		10.386	  NaN	0.0149		1		802		  NaN
19	23	0		10.386	  NaN	0.0003		1		803		  NaN
19	24	1		10.386	  NaN	0.0033		1		804		  NaN
19	25	1		10.386	  NaN	0.0041		1		805		  NaN
19	26	0		10.386	  NaN	0.0389		1		806		  NaN
19	27	0		10.386	  NaN	0.0025		1		807		  NaN
19	28	0		10.386	  NaN	0.0048		1		808		  NaN
19	29	0		10.386	  NaN	0.0057		1		809		  NaN
19	30	0		10.386	  NaN	0.0057		1		810		  NaN
trial	TR	prompt active	speed	ds	flip error	Found File #	ThisTR	CategSep
20	1	0		10.570	  NaN	0.0026		1		823		  NaN
20	2	0		10.570	  NaN	0.0034		1		824		  NaN
20	3	0		10.570	  NaN	0.0043		1		825		  NaN
20	4	0		10.570	  NaN	0.0026		1		826		  NaN
20	5	0		10.570	  NaN	0.0057		1		827		  NaN
20	6	1		10.570	  NaN	0.0069		1		828		  NaN
20	7	1		10.570	  NaN	0.0077		1		829		  NaN
20	8	0		10.570	  NaN	0.0418		1		830		  NaN
20	9	0		10.570	  NaN	0.0072		1		831		  NaN
20	10	0		10.570	  NaN	0.0102		1		832		  NaN
20	11	0		10.570	  NaN	0.0108		1		833		  NaN
20	12	1		10.570	  NaN	0.0119		1		834		  NaN
20	13	1		10.570	  NaN	0.0128		1		835		  NaN
20	14	0		10.570	  NaN	0.0476		1		836		  NaN
20	15	0		10.570	  NaN	0.0144		1		837		  NaN
20	16	0		10.570	  NaN	0.0151		1		838		  NaN
20	17	0		10.570	  NaN	0.0159		1		839		  NaN
20	18	1		10.570	  NaN	-0.0020		1		840		  NaN
20	19	1		10.570	  NaN	0.0178		1		841		  NaN
20	20	0		10.570	  NaN	0.0331		1		842		  NaN
20	21	0		10.570	  NaN	0.0004		1		843		  NaN
20	22	0		10.570	  NaN	0.0038		1		844		  NaN
20	23	0		10.570	  NaN	0.0044		1		845		  NaN
20	24	1		10.570	  NaN	0.0052		1		846		  NaN
20	25	1		10.570	  NaN	0.0064		1		847		  NaN
20	26	0		10.570	  NaN	0.0198		1		848		  NaN
20	27	0		10.570	  NaN	0.0082		1		849		  NaN
20	28	0		10.570	  NaN	0.0089		1		850		  NaN
20	29	0		10.570	  NaN	0.0073		1		851		  NaN
20	30	0		10.570	  NaN	0.0103		1		852		  NaN
trial	TR	prompt active	speed	ds	flip error	Found File #	ThisTR	CategSep
21	1	0		10.869	  NaN	0.0039		1		865		  NaN
21	2	0		10.869	  NaN	0.0043		1		866		  NaN
21	3	0		10.869	  NaN	0.0220		1		867		  NaN
21	4	0		10.869	  NaN	0.0039		1		868		  NaN
21	5	0		10.869	  NaN	0.0238		1		869		  NaN
21	6	1		10.869	  NaN	0.0234		1		870		  NaN
21	7	1		10.869	  NaN	0.0070		1		871		  NaN
21	8	0		10.869	  NaN	0.0441		1		872		  NaN
21	9	0		10.869	  NaN	0.0105		1		873		  NaN
21	10	0		10.869	  NaN	0.0091		1		874		  NaN
21	11	0		10.869	  NaN	0.0287		1		875		  NaN
21	12	1		10.869	  NaN	0.0107		1		876		  NaN
21	13	1		10.869	  NaN	0.0284		1		877		  NaN
21	14	0		10.869	  NaN	0.0459		1		878		  NaN
21	15	0		10.869	  NaN	0.0131		1		879		  NaN
21	16	0		10.869	  NaN	-0.0004		1		880		  NaN
21	17	0		10.869	  NaN	0.0151		1		881		  NaN
21	18	1		10.869	  NaN	0.0182		1		882		  NaN
21	19	1		10.869	  NaN	0.0003		1		883		  NaN
21	20	0		10.869	  NaN	0.0173		1		884		  NaN
21	21	0		10.869	  NaN	0.0017		1		885		  NaN
21	22	0		10.869	  NaN	0.0049		1		886		  NaN
21	23	0		10.869	  NaN	0.0223		1		887		  NaN
21	24	1		10.869	  NaN	0.0215		1		888		  NaN
21	25	1		10.869	  NaN	0.0075		1		889		  NaN
21	26	0		10.869	  NaN	0.0588		1		890		  NaN
21	27	0		10.869	  NaN	0.0091		1		891		  NaN
21	28	0		10.869	  NaN	0.0071		1		892		  NaN
21	29	0		10.869	  NaN	0.0090		1		893		  NaN
21	30	0		10.869	  NaN	0.0282		1		894		  NaN
trial	TR	prompt active	speed	ds	flip error	Found File #	ThisTR	CategSep
22	1	0		11.044	  NaN	0.0042		1		907		  NaN
22	2	0		11.044	  NaN	0.0212		1		908		  NaN
22	3	0		11.044	  NaN	0.0056		1		909		  NaN
22	4	0		11.044	  NaN	0.0061		1		910		  NaN
22	5	0		11.044	  NaN	0.0260		1		911		  NaN
22	6	1		11.044	  NaN	0.0081		1		912		  NaN
22	7	1		11.044	  NaN	0.0086		1		913		  NaN
22	8	0		11.044	  NaN	0.0474		1		914		  NaN
22	9	0		11.044	  NaN	0.0112		1		915		  NaN
22	10	0		11.044	  NaN	0.0136		1		916		  NaN
22	11	0		11.044	  NaN	0.0154		1		917		  NaN
22	12	1		11.044	  NaN	0.0154		1		918		  NaN
22	13	1		11.044	  NaN	0.0161		1		919		  NaN
22	14	0		11.044	  NaN	0.0194		1		920		  NaN
22	15	0		11.044	  NaN	0.0156		1		921		  NaN
22	16	0		11.044	  NaN	0.0019		1		922		  NaN
22	17	0		11.044	  NaN	0.0170		1		923		  NaN
22	18	1		11.044	  NaN	0.0019		1		924		  NaN
22	19	1		11.044	  NaN	0.0192		1		925		  NaN
22	20	0		11.044	  NaN	0.0201		1		926		  NaN
22	21	0		11.044	  NaN	0.0042		1		927		  NaN
22	22	0		11.044	  NaN	0.0068		1		928		  NaN
22	23	0		11.044	  NaN	0.0056		1		929		  NaN
22	24	1		11.044	  NaN	0.0089		1		930		  NaN
22	25	1		11.044	  NaN	0.0266		1		931		  NaN
22	26	0		11.044	  NaN	0.0627		1		932		  NaN
22	27	0		11.044	  NaN	0.0280		1		933		  NaN
22	28	0		11.044	  NaN	0.0090		1		934		  NaN
22	29	0		11.044	  NaN	0.0107		1		935		  NaN
22	30	0		11.044	  NaN	0.0116		1		936		  NaN
trial	TR	prompt active	speed	ds	flip error	Found File #	ThisTR	CategSep
23	1	0		10.481	  NaN	0.0084		1		949		  NaN
23	2	0		10.481	  NaN	0.0092		1		950		  NaN
23	3	0		10.481	  NaN	0.0267		1		951		  NaN
23	4	0		10.481	  NaN	0.0274		1		952		  NaN
23	5	0		10.481	  NaN	0.0282		1		953		  NaN
23	6	1		10.481	  NaN	0.0127		1		954		  NaN
23	7	1		10.481	  NaN	0.0300		1		955		  NaN
23	8	0		10.481	  NaN	0.0668		1		956		  NaN
23	9	0		10.481	  NaN	0.0149		1		957		  NaN
23	10	0		10.481	  NaN	0.0141		1		958		  NaN
23	11	0		10.481	  NaN	0.0168		1		959		  NaN
23	12	1		10.481	  NaN	0.0178		1		960		  NaN
23	13	1		10.481	  NaN	0.0017		1		961		  NaN
23	14	0		10.481	  NaN	0.0222		1		962		  NaN
23	15	0		10.481	  NaN	0.0036		1		963		  NaN
23	16	0		10.481	  NaN	0.0209		1		964		  NaN
23	17	0		10.481	  NaN	0.0219		1		965		  NaN
23	18	1		10.481	  NaN	0.0226		1		966		  NaN
23	19	1		10.481	  NaN	0.0220		1		967		  NaN
23	20	0		10.481	  NaN	0.0608		1		968		  NaN
23	21	0		10.481	  NaN	0.0232		1		969		  NaN
23	22	0		10.481	  NaN	0.0078		1		970		  NaN
23	23	0		10.481	  NaN	0.0269		1		971		  NaN
23	24	1		10.481	  NaN	0.0278		1		972		  NaN
23	25	1		10.481	  NaN	0.0104		1		973		  NaN
23	26	0		10.481	  NaN	0.0653		1		974		  NaN
23	27	0		10.481	  NaN	0.0304		1		975		  NaN
23	28	0		10.481	  NaN	0.0313		1		976		  NaN
23	29	0		10.481	  NaN	0.0131		1		977		  NaN
23	30	0		10.481	  NaN	0.0162		1		978		  NaN
trial	TR	prompt active	speed	ds	flip error	Found File #	ThisTR	CategSep
24	1	0		10.637	  NaN	0.0272		1		991		  NaN
24	2	0		10.637	  NaN	0.0281		1		992		  NaN
24	3	0		10.637	  NaN	0.0290		1		993		  NaN
24	4	0		10.637	  NaN	0.0129		1		994		  NaN
24	5	0		10.637	  NaN	0.0138		1		995		  NaN
24	6	1		10.637	  NaN	0.0150		1		996		  NaN
24	7	1		10.637	  NaN	0.0323		1		997		  NaN
24	8	0		10.637	  NaN	0.0206		1		998		  NaN
24	9	0		10.637	  NaN	0.0009		1		999		  NaN
24	10	0		10.637	  NaN	0.0190		1		1000		  NaN
24	11	0		10.637	  NaN	0.0025		1		1001		  NaN
24	12	1		10.637	  NaN	0.0012		1		1002		  NaN
24	13	1		10.637	  NaN	0.0044		1		1003		  NaN
24	14	0		10.637	  NaN	0.0363		1		1004		  NaN
24	15	0		10.637	  NaN	0.0033		1		1005		  NaN
24	16	0		10.637	  NaN	0.0049		1		1006		  NaN
24	17	0		10.637	  NaN	0.0241		1		1007		  NaN
24	18	1		10.637	  NaN	0.0061		1		1008		  NaN
24	19	1		10.637	  NaN	0.0257		1		1009		  NaN
24	20	0		10.637	  NaN	0.0622		1		1010		  NaN
24	21	0		10.637	  NaN	0.0283		1		1011		  NaN
24	22	0		10.637	  NaN	0.0102		1		1012		  NaN
24	23	0		10.637	  NaN	0.0292		1		1013		  NaN
24	24	1		10.637	  NaN	0.0112		1		1014		  NaN
24	25	1		10.637	  NaN	0.0144		1		1015		  NaN
24	26	0		10.637	  NaN	0.0462		1		1016		  NaN
24	27	0		10.637	  NaN	0.0129		1		1017		  NaN
24	28	0		10.637	  NaN	0.0145		1		1018		  NaN
24	29	0		10.637	  NaN	0.0176		1		1019		  NaN
24	30	0		10.637	  NaN	0.0021		1		1020		  NaN
trial	TR	prompt active	speed	ds	flip error	Found File #	ThisTR	CategSep
25	1	0		10.761	  NaN	0.0129		1		1033		  NaN
25	2	0		10.761	  NaN	0.0139		1		1034		  NaN
25	3	0		10.761	  NaN	0.0128		1		1035		  NaN
25	4	0		10.761	  NaN	0.0125		1		1036		  NaN
25	5	0		10.761	  NaN	0.0145		1		1037		  NaN
25	6	1		10.761	  NaN	0.0173		1		1038		  NaN
25	7	1		10.761	  NaN	0.0182		1		1039		  NaN
25	8	0		10.761	  NaN	0.0210		1		1040		  NaN
25	9	0		10.761	  NaN	0.0030		1		1041		  NaN
25	10	0		10.761	  NaN	0.0037		1		1042		  NaN
25	11	0		10.761	  NaN	0.0049		1		1043		  NaN
25	12	1		10.761	  NaN	0.0056		1		1044		  NaN
25	13	1		10.761	  NaN	0.0064		1		1045		  NaN
25	14	0		10.761	  NaN	0.0385		1		1046		  NaN
25	15	0		10.761	  NaN	0.0084		1		1047		  NaN
25	16	0		10.761	  NaN	0.0070		1		1048		  NaN
25	17	0		10.761	  NaN	0.0075		1		1049		  NaN
25	18	1		10.761	  NaN	0.0109		1		1050		  NaN
25	19	1		10.761	  NaN	0.0115		1		1051		  NaN
25	20	0		10.761	  NaN	0.0268		1		1052		  NaN
25	21	0		10.761	  NaN	0.0299		1		1053		  NaN
25	22	0		10.761	  NaN	0.0143		1		1054		  NaN
25	23	0		10.761	  NaN	0.0151		1		1055		  NaN
25	24	1		10.761	  NaN	0.0160		1		1056		  NaN
25	25	1		10.761	  NaN	0.0154		1		1057		  NaN
25	26	0		10.761	  NaN	0.0228		1		1058		  NaN
25	27	0		10.761	  NaN	0.0161		1		1059		  NaN
25	28	0		10.761	  NaN	0.0025		1		1060		  NaN
25	29	0		10.761	  NaN	0.0034		1		1061		  NaN
25	30	0		10.761	  NaN	0.0045		1		1062		  NaN
trial	TR	prompt active	speed	ds	flip error	Found File #	ThisTR	CategSep
26	1	0		10.855	  NaN	0.0061		1		1075		  NaN
26	2	0		10.855	  NaN	0.0234		1		1076		  NaN
26	3	0		10.855	  NaN	0.0075		1		1077		  NaN
26	4	0		10.855	  NaN	0.0085		1		1078		  NaN
26	5	0		10.855	  NaN	0.0070		1		1079		  NaN
26	6	1		10.855	  NaN	0.0103		1		1080		  NaN
26	7	1		10.855	  NaN	0.0111		1		1081		  NaN
26	8	0		10.855	  NaN	0.0488		1		1082		  NaN
26	9	0		10.855	  NaN	0.0103		1		1083		  NaN
26	10	0		10.855	  NaN	0.0134		1		1084		  NaN
26	11	0		10.855	  NaN	0.0144		1		1085		  NaN
26	12	1		10.855	  NaN	0.0154		1		1086		  NaN
26	13	1		10.855	  NaN	0.0160		1		1087		  NaN
26	14	0		10.855	  NaN	0.0316		1		1088		  NaN
26	15	0		10.855	  NaN	0.0177		1		1089		  NaN
26	16	0		10.855	  NaN	0.0186		1		1090		  NaN
26	17	0		10.855	  NaN	0.0005		1		1091		  NaN
26	18	1		10.855	  NaN	0.0201		1		1092		  NaN
26	19	1		10.855	  NaN	0.0211		1		1093		  NaN
26	20	0		10.855	  NaN	0.0365		1		1094		  NaN
26	21	0		10.855	  NaN	0.0063		1		1095		  NaN
26	22	0		10.855	  NaN	0.0070		1		1096		  NaN
26	23	0		10.855	  NaN	0.0062		1		1097		  NaN
26	24	1		10.855	  NaN	0.0064		1		1098		  NaN
26	25	1		10.855	  NaN	0.0095		1		1099		  NaN
26	26	0		10.855	  NaN	0.0419		1		1100		  NaN
26	27	0		10.855	  NaN	0.0113		1		1101		  NaN
26	28	0		10.855	  NaN	0.0100		1		1102		  NaN
26	29	0		10.855	  NaN	0.0132		1		1103		  NaN
26	30	0		10.855	  NaN	0.0138		1		1104		  NaN
trial	TR	prompt active	speed	ds	flip error	Found File #	ThisTR	CategSep
27	1	0		10.927	  NaN	0.0084		1		1117		  NaN
27	2	0		10.927	  NaN	0.0091		1		1118		  NaN
27	3	0		10.927	  NaN	0.0077		1		1119		  NaN
27	4	0		10.927	  NaN	0.0106		1		1120		  NaN
27	5	0		10.927	  NaN	0.0115		1		1121		  NaN
27	6	1		10.927	  NaN	0.0123		1		1122		  NaN
27	7	1		10.927	  NaN	0.0134		1		1123		  NaN
27	8	0		10.927	  NaN	0.0500		1		1124		  NaN
27	9	0		10.927	  NaN	0.0149		1		1125		  NaN
27	10	0		10.927	  NaN	0.0135		1		1126		  NaN
27	11	0		10.927	  NaN	0.0150		1		1127		  NaN
27	12	1		10.927	  NaN	-0.0011		1		1128		  NaN
27	13	1		10.927	  NaN	0.0019		1		1129		  NaN
27	14	0		10.927	  NaN	0.0337		1		1130		  NaN
27	15	0		10.927	  NaN	0.0201		1		1131		  NaN
27	16	0		10.927	  NaN	0.0027		1		1132		  NaN
27	17	0		10.927	  NaN	0.0217		1		1133		  NaN
27	18	1		10.927	  NaN	0.0038		1		1134		  NaN
27	19	1		10.927	  NaN	0.0045		1		1135		  NaN
27	20	0		10.927	  NaN	0.0442		1		1136		  NaN
27	21	0		10.927	  NaN	0.0073		1		1137		  NaN
27	22	0		10.927	  NaN	0.0069		1		1138		  NaN
27	23	0		10.927	  NaN	0.0085		1		1139		  NaN
27	24	1		10.927	  NaN	0.0109		1		1140		  NaN
27	25	1		10.927	  NaN	0.0118		1		1141		  NaN
27	26	0		10.927	  NaN	0.0486		1		1142		  NaN
27	27	0		10.927	  NaN	0.0137		1		1143		  NaN
27	28	0		10.927	  NaN	0.0126		1		1144		  NaN
27	29	0		10.927	  NaN	0.0129		1		1145		  NaN
27	30	0		10.927	  NaN	0.0143		1		1146		  NaN
trial	TR	prompt active	speed	ds	flip error	Found File #	ThisTR	CategSep
28	1	0		10.690	  NaN	0.0107		1		1159		  NaN
28	2	0		10.690	  NaN	0.0112		1		1160		  NaN
28	3	0		10.690	  NaN	0.0123		1		1161		  NaN
28	4	0		10.690	  NaN	0.0130		1		1162		  NaN
28	5	0		10.690	  NaN	0.0138		1		1163		  NaN
28	6	1		10.690	  NaN	0.0147		1		1164		  NaN
28	7	1		10.690	  NaN	0.0156		1		1165		  NaN
28	8	0		10.690	  NaN	0.0195		1		1166		  NaN
28	9	0		10.690	  NaN	-0.0011		1		1167		  NaN
28	10	0		10.690	  NaN	0.0182		1		1168		  NaN
28	11	0		10.690	  NaN	0.0022		1		1169		  NaN
28	12	1		10.690	  NaN	0.0034		1		1170		  NaN
28	13	1		10.690	  NaN	0.0207		1		1171		  NaN
28	14	0		10.690	  NaN	0.0566		1		1172		  NaN
28	15	0		10.690	  NaN	0.0056		1		1173		  NaN
28	16	0		10.690	  NaN	0.0065		1		1174		  NaN
28	17	0		10.690	  NaN	0.0075		1		1175		  NaN
28	18	1		10.690	  NaN	0.0084		1		1176		  NaN
28	19	1		10.690	  NaN	0.0091		1		1177		  NaN
28	20	0		10.690	  NaN	0.0470		1		1178		  NaN
28	21	0		10.690	  NaN	0.0109		1		1179		  NaN
28	22	0		10.690	  NaN	0.0118		1		1180		  NaN
28	23	0		10.690	  NaN	0.0125		1		1181		  NaN
28	24	1		10.690	  NaN	0.0113		1		1182		  NaN
28	25	1		10.690	  NaN	0.0142		1		1183		  NaN
28	26	0		10.690	  NaN	0.0354		1		1184		  NaN
28	27	0		10.690	  NaN	0.0137		1		1185		  NaN
28	28	0		10.690	  NaN	0.0002		1		1186		  NaN
28	29	0		10.690	  NaN	-0.0012		1		1187		  NaN
28	30	0		10.690	  NaN	0.0185		1		1188		  NaN
trial	TR	prompt active	speed	ds	flip error	Found File #	ThisTR	CategSep
29	1	0		10.414	  NaN	0.0131		1		1201		  NaN
29	2	0		10.414	  NaN	0.0118		1		1202		  NaN
29	3	0		10.414	  NaN	-0.0021		1		1203		  NaN
29	4	0		10.414	  NaN	0.0133		1		1204		  NaN
29	5	0		10.414	  NaN	0.0143		1		1205		  NaN
29	6	1		10.414	  NaN	-0.0018		1		1206		  NaN
29	7	1		10.414	  NaN	-0.0012		1		1207		  NaN
29	8	0		10.414	  NaN	0.0225		1		1208		  NaN
29	9	0		10.414	  NaN	0.0006		1		1209		  NaN
29	10	0		10.414	  NaN	0.0037		1		1210		  NaN
29	11	0		10.414	  NaN	0.0027		1		1211		  NaN
29	12	1		10.414	  NaN	0.0022		1		1212		  NaN
29	13	1		10.414	  NaN	0.0041		1		1213		  NaN
29	14	0		10.414	  NaN	0.0587		1		1214		  NaN
29	15	0		10.414	  NaN	0.0225		1		1215		  NaN
29	16	0		10.414	  NaN	0.0071		1		1216		  NaN
29	17	0		10.414	  NaN	0.0100		1		1217		  NaN
29	18	1		10.414	  NaN	0.0104		1		1218		  NaN
29	19	1		10.414	  NaN	0.0113		1		1219		  NaN
29	20	0		10.414	  NaN	0.0426		1		1220		  NaN
29	21	0		10.414	  NaN	0.0112		1		1221		  NaN
29	22	0		10.414	  NaN	0.0119		1		1222		  NaN
29	23	0		10.414	  NaN	0.0126		1		1223		  NaN
29	24	1		10.414	  NaN	0.0157		1		1224		  NaN
29	25	1		10.414	  NaN	0.0164		1		1225		  NaN
29	26	0		10.414	  NaN	0.0392		1		1226		  NaN
29	27	0		10.414	  NaN	0.0183		1		1227		  NaN
29	28	0		10.414	  NaN	0.0022		1		1228		  NaN
29	29	0		10.414	  NaN	0.0013		1		1229		  NaN
29	30	0		10.414	  NaN	0.0042		1		1230		  NaN
trial	TR	prompt active	speed	ds	flip error	Found File #	ThisTR	CategSep
30	1	0		10.469	  NaN	0.0155		1		1243		  NaN
30	2	0		10.469	  NaN	-0.0005		1		1244		  NaN
30	3	0		10.469	  NaN	0.0001		1		1245		  NaN
30	4	0		10.469	  NaN	0.0154		1		1246		  NaN
30	5	0		10.469	  NaN	0.0019		1		1247		  NaN
30	6	1		10.469	  NaN	0.0004		1		1248		  NaN
30	7	1		10.469	  NaN	0.0034		1		1249		  NaN
30	8	0		10.469	  NaN	0.0356		1		1250		  NaN
30	9	0		10.469	  NaN	0.0054		1		1251		  NaN
30	10	0		10.469	  NaN	0.0038		1		1252		  NaN
30	11	0		10.469	  NaN	0.0070		1		1253		  NaN
30	12	1		10.469	  NaN	0.0081		1		1254		  NaN
30	13	1		10.469	  NaN	0.0068		1		1255		  NaN
30	14	0		10.469	  NaN	0.0454		1		1256		  NaN
30	15	0		10.469	  NaN	0.0080		1		1257		  NaN
30	16	0		10.469	  NaN	0.0113		1		1258		  NaN
30	17	0		10.469	  NaN	0.0123		1		1259		  NaN
30	18	1		10.469	  NaN	0.0131		1		1260		  NaN
30	19	1		10.469	  NaN	0.0137		1		1261		  NaN
30	20	0		10.469	  NaN	0.0500		1		1262		  NaN
30	21	0		10.469	  NaN	-0.0013		1		1263		  NaN
30	22	0		10.469	  NaN	-0.0004		1		1264		  NaN
30	23	0		10.469	  NaN	0.0005		1		1265		  NaN
30	24	1		10.469	  NaN	0.0016		1		1266		  NaN
30	25	1		10.469	  NaN	0.0023		1		1267		  NaN
30	26	0		10.469	  NaN	0.0168		1		1268		  NaN
30	27	0		10.469	  NaN	0.0023		1		1269		  NaN
30	28	0		10.469	  NaN	0.0047		1		1270		  NaN
30	29	0		10.469	  NaN	0.0056		1		1271		  NaN
30	30	0		10.469	  NaN	0.0063		1		1272		  NaN
trial	TR	prompt active	speed	ds	flip error	Found File #	ThisTR	CategSep
31	1	0		10.469	  NaN	0.0135		1		1285		  NaN
31	2	0		10.469	  NaN	-0.0025		1		1286		  NaN
31	3	0		10.469	  NaN	-0.0017		1		1287		  NaN
31	4	0		10.469	  NaN	-0.0008		1		1288		  NaN
31	5	0		10.469	  NaN	-0.0004		1		1289		  NaN
31	6	1		10.469	  NaN	0.0008		1		1290		  NaN
31	7	1		10.469	  NaN	0.0017		1		1291		  NaN
31	8	0		10.469	  NaN	0.0386		1		1292		  NaN
31	9	0		10.469	  NaN	0.0035		1		1293		  NaN
31	10	0		10.469	  NaN	0.0040		1		1294		  NaN
31	11	0		10.469	  NaN	0.0052		1		1295		  NaN
31	12	1		10.469	  NaN	0.0052		1		1296		  NaN
31	13	1		10.469	  NaN	0.0065		1		1297		  NaN
31	14	0		10.469	  NaN	0.0393		1		1298		  NaN
31	15	0		10.469	  NaN	0.0061		1		1299		  NaN
31	16	0		10.469	  NaN	0.0093		1		1300		  NaN
31	17	0		10.469	  NaN	0.0099		1		1301		  NaN
31	18	1		10.469	  NaN	0.0086		1		1302		  NaN
31	19	1		10.469	  NaN	0.0116		1		1303		  NaN
31	20	0		10.469	  NaN	0.0324		1		1304		  NaN
31	21	0		10.469	  NaN	0.0120		1		1305		  NaN
31	22	0		10.469	  NaN	-0.0024		1		1306		  NaN
31	23	0		10.469	  NaN	-0.0037		1		1307		  NaN
31	24	1		10.469	  NaN	-0.0005		1		1308		  NaN
31	25	1		10.469	  NaN	-0.0015		1		1309		  NaN
31	26	0		10.469	  NaN	0.0374		1		1310		  NaN
31	27	0		10.469	  NaN	0.0019		1		1311		  NaN
31	28	0		10.469	  NaN	0.0028		1		1312		  NaN
31	29	0		10.469	  NaN	0.0014		1		1313		  NaN
31	30	0		10.469	  NaN	0.0026		1		1314		  NaN
trial	TR	prompt active	speed	ds	flip error	Found File #	ThisTR	CategSep
32	1	0		10.527	  NaN	0.0157		1		1327		  NaN
32	2	0		10.527	  NaN	0.0165		1		1328		  NaN
32	3	0		10.527	  NaN	0.0007		1		1329		  NaN
32	4	0		10.527	  NaN	0.0015		1		1330		  NaN
32	5	0		10.527	  NaN	0.0024		1		1331		  NaN
32	6	1		10.527	  NaN	0.0197		1		1332		  NaN
32	7	1		10.527	  NaN	0.0208		1		1333		  NaN
32	8	0		10.527	  NaN	0.0366		1		1334		  NaN
32	9	0		10.527	  NaN	0.0033		1		1335		  NaN
32	10	0		10.527	  NaN	0.0042		1		1336		  NaN
32	11	0		10.527	  NaN	0.0072		1		1337		  NaN
32	12	1		10.527	  NaN	0.0083		1		1338		  NaN
32	13	1		10.527	  NaN	0.0089		1		1339		  NaN
32	14	0		10.527	  NaN	0.0464		1		1340		  NaN
32	15	0		10.527	  NaN	0.0106		1		1341		  NaN
32	16	0		10.527	  NaN	0.0116		1		1342		  NaN
32	17	0		10.527	  NaN	0.0124		1		1343		  NaN
32	18	1		10.527	  NaN	0.0132		1		1344		  NaN
32	19	1		10.527	  NaN	0.0121		1		1345		  NaN
32	20	0		10.527	  NaN	0.0465		1		1346		  NaN
32	21	0		10.527	  NaN	-0.0031		1		1347		  NaN
32	22	0		10.527	  NaN	0.0165		1		1348		  NaN
32	23	0		10.527	  NaN	0.0175		1		1349		  NaN
32	24	1		10.527	  NaN	0.0001		1		1350		  NaN
32	25	1		10.527	  NaN	0.0025		1		1351		  NaN
32	26	0		10.527	  NaN	0.0409		1		1352		  NaN
32	27	0		10.527	  NaN	0.0045		1		1353		  NaN
32	28	0		10.527	  NaN	0.0051		1		1354		  NaN
32	29	0		10.527	  NaN	0.0061		1		1355		  NaN
32	30	0		10.527	  NaN	0.0073		1		1356		  NaN
trial	TR	prompt active	speed	ds	flip error	Found File #	ThisTR	CategSep
33	1	0		10.576	  NaN	0.0180		1		1369		  NaN
33	2	0		10.576	  NaN	0.0023		1		1370		  NaN
33	3	0		10.576	  NaN	0.0195		1		1371		  NaN
33	4	0		10.576	  NaN	0.0035		1		1372		  NaN
33	5	0		10.576	  NaN	0.0028		1		1373		  NaN
33	6	1		10.576	  NaN	0.0055		1		1374		  NaN
33	7	1		10.576	  NaN	0.0041		1		1375		  NaN
33	8	0		10.576	  NaN	0.0455		1		1376		  NaN
33	9	0		10.576	  NaN	0.0082		1		1377		  NaN
33	10	0		10.576	  NaN	0.0087		1		1378		  NaN
33	11	0		10.576	  NaN	0.0095		1		1379		  NaN
33	12	1		10.576	  NaN	0.0106		1		1380		  NaN
33	13	1		10.576	  NaN	0.0113		1		1381		  NaN
33	14	0		10.576	  NaN	0.0434		1		1382		  NaN
33	15	0		10.576	  NaN	0.0108		1		1383		  NaN
33	16	0		10.576	  NaN	-0.0047		1		1384		  NaN
33	17	0		10.576	  NaN	0.0147		1		1385		  NaN
33	18	1		10.576	  NaN	-0.0034		1		1386		  NaN
33	19	1		10.576	  NaN	0.0164		1		1387		  NaN
33	20	0		10.576	  NaN	0.0554		1		1388		  NaN
33	21	0		10.576	  NaN	0.0182		1		1389		  NaN
33	22	0		10.576	  NaN	0.0026		1		1390		  NaN
33	23	0		10.576	  NaN	0.0034		1		1391		  NaN
33	24	1		10.576	  NaN	0.0207		1		1392		  NaN
33	25	1		10.576	  NaN	0.0029		1		1393		  NaN
33	26	0		10.576	  NaN	0.0368		1		1394		  NaN
33	27	0		10.576	  NaN	0.0064		1		1395		  NaN
33	28	0		10.576	  NaN	0.0075		1		1396		  NaN
33	29	0		10.576	  NaN	0.0060		1		1397		  NaN
33	30	0		10.576	  NaN	0.0091		1		1398		  NaN
trial	TR	prompt active	speed	ds	flip error	Found File #	ThisTR	CategSep
34	1	0		10.623	  NaN	0.0036		1		1411		  NaN
34	2	0		10.623	  NaN	0.0044		1		1412		  NaN
34	3	0		10.623	  NaN	0.0030		1		1413		  NaN
34	4	0		10.623	  NaN	0.0033		1		1414		  NaN
34	5	0		10.623	  NaN	0.0047		1		1415		  NaN
34	6	1		10.623	  NaN	0.0079		1		1416		  NaN
34	7	1		10.623	  NaN	0.0065		1		1417		  NaN
34	8	0		10.623	  NaN	0.0469		1		1418		  NaN
34	9	0		10.623	  NaN	0.0103		1		1419		  NaN
34	10	0		10.623	  NaN	0.0089		1		1420		  NaN
34	11	0		10.623	  NaN	0.0121		1		1421		  NaN
34	12	1		10.623	  NaN	0.0128		1		1422		  NaN
34	13	1		10.623	  NaN	-0.0047		1		1423		  NaN
34	14	0		10.623	  NaN	0.0504		1		1424		  NaN
34	15	0		10.623	  NaN	0.0154		1		1425		  NaN
34	16	0		10.623	  NaN	-0.0025		1		1426		  NaN
34	17	0		10.623	  NaN	0.0173		1		1427		  NaN
34	18	1		10.623	  NaN	0.0180		1		1428		  NaN
34	19	1		10.623	  NaN	0.0189		1		1429		  NaN
34	20	0		10.623	  NaN	0.0242		1		1430		  NaN
34	21	0		10.623	  NaN	0.0036		1		1431		  NaN
34	22	0		10.623	  NaN	0.0047		1		1432		  NaN
34	23	0		10.623	  NaN	0.0057		1		1433		  NaN
34	24	1		10.623	  NaN	0.0040		1		1434		  NaN
34	25	1		10.623	  NaN	0.0055		1		1435		  NaN
34	26	0		10.623	  NaN	0.0422		1		1436		  NaN
34	27	0		10.623	  NaN	0.0068		1		1437		  NaN
34	28	0		10.623	  NaN	0.0097		1		1438		  NaN
34	29	0		10.623	  NaN	0.0077		1		1439		  NaN
34	30	0		10.623	  NaN	0.0091		1		1440		  NaN
trial	TR	prompt active	speed	ds	flip error	Found File #	ThisTR	CategSep
35	1	0		10.659	  NaN	0.0061		1		1453		  NaN
35	2	0		10.659	  NaN	0.0066		1		1454		  NaN
35	3	0		10.659	  NaN	0.0077		1		1455		  NaN
35	4	0		10.659	  NaN	0.0067		1		1456		  NaN
35	5	0		10.659	  NaN	0.0091		1		1457		  NaN
35	6	1		10.659	  NaN	0.0100		1		1458		  NaN
35	7	1		10.659	  NaN	0.0110		1		1459		  NaN
35	8	0		10.659	  NaN	0.0476		1		1460		  NaN
35	9	0		10.659	  NaN	0.0106		1		1461		  NaN
35	10	0		10.659	  NaN	0.0114		1		1462		  NaN
35	11	0		10.659	  NaN	-0.0046		1		1463		  NaN
35	12	1		10.659	  NaN	0.0132		1		1464		  NaN
35	13	1		10.659	  NaN	-0.0028		1		1465		  NaN
35	14	0		10.659	  NaN	0.0318		1		1466		  NaN
35	15	0		10.659	  NaN	0.0009		1		1467		  NaN
35	16	0		10.659	  NaN	0.0188		1		1468		  NaN
35	17	0		10.659	  NaN	0.0007		1		1469		  NaN
35	18	1		10.659	  NaN	0.0036		1		1470		  NaN
35	19	1		10.659	  NaN	0.0212		1		1471		  NaN
35	20	0		10.659	  NaN	0.0536		1		1472		  NaN
35	21	0		10.659	  NaN	0.0038		1		1473		  NaN
35	22	0		10.659	  NaN	0.0063		1		1474		  NaN
35	23	0		10.659	  NaN	0.0081		1		1475		  NaN
35	24	1		10.659	  NaN	0.0088		1		1476		  NaN
35	25	1		10.659	  NaN	0.0073		1		1477		  NaN
35	26	0		10.659	  NaN	0.0479		1		1478		  NaN
35	27	0		10.659	  NaN	0.0113		1		1479		  NaN
35	28	0		10.659	  NaN	0.0123		1		1480		  NaN
35	29	0		10.659	  NaN	0.0114		1		1481		  NaN
35	30	0		10.659	  NaN	-0.0050		1		1482		  NaN
trial	TR	prompt active	speed	ds	flip error	Found File #	ThisTR	CategSep
36	1	0		10.697	  NaN	0.0177		1		1495		  NaN
36	2	0		10.697	  NaN	0.0016		1		1496		  NaN
36	3	0		10.697	  NaN	0.0027		1		1497		  NaN
36	4	0		10.697	  NaN	0.0035		1		1498		  NaN
36	5	0		10.697	  NaN	0.0042		1		1499		  NaN
36	6	1		10.697	  NaN	0.0050		1		1500		  NaN
36	7	1		10.697	  NaN	0.0032		1		1501		  NaN
36	8	0		10.697	  NaN	0.0216		1		1502		  NaN
36	9	0		10.697	  NaN	0.0058		1		1503		  NaN
36	10	0		10.697	  NaN	0.0087		1		1504		  NaN
36	11	0		10.697	  NaN	0.0093		1		1505		  NaN
36	12	1		10.697	  NaN	0.0104		1		1506		  NaN
36	13	1		10.697	  NaN	0.0111		1		1507		  NaN
36	14	0		10.697	  NaN	0.0269		1		1508		  NaN
36	15	0		10.697	  NaN	0.0131		1		1509		  NaN
36	16	0		10.697	  NaN	0.0139		1		1510		  NaN
36	17	0		10.697	  NaN	0.0147		1		1511		  NaN
36	18	1		10.697	  NaN	0.0152		1		1512		  NaN
36	19	1		10.697	  NaN	-0.0005		1		1513		  NaN
36	20	0		10.697	  NaN	0.0378		1		1514		  NaN
36	21	0		10.697	  NaN	0.0015		1		1515		  NaN
36	22	0		10.697	  NaN	0.0004		1		1516		  NaN
36	23	0		10.697	  NaN	0.0006		1		1517		  NaN
36	24	1		10.697	  NaN	0.0039		1		1518		  NaN
36	25	1		10.697	  NaN	0.0031		1		1519		  NaN
36	26	0		10.697	  NaN	0.0414		1		1520		  NaN
36	27	0		10.697	  NaN	0.0064		1		1521		  NaN
36	28	0		10.697	  NaN	0.0074		1		1522		  NaN
36	29	0		10.697	  NaN	0.0058		1		1523		  NaN
36	30	0		10.697	  NaN	0.0088		1		1524		  NaN
trial	TR	prompt active	speed	ds	flip error	Found File #	ThisTR	CategSep
37	1	0		10.580	  NaN	0.0032		1		1537		  NaN
37	2	0		10.580	  NaN	0.0044		1		1538		  NaN
37	3	0		10.580	  NaN	0.0051		1		1539		  NaN
37	4	0		10.580	  NaN	0.0059		1		1540		  NaN
37	5	0		10.580	  NaN	0.0064		1		1541		  NaN
37	6	1		10.580	  NaN	0.0074		1		1542		  NaN
37	7	1		10.580	  NaN	0.0061		1		1543		  NaN
37	8	0		10.580	  NaN	0.0233		1		1544		  NaN
37	9	0		10.580	  NaN	0.0082		1		1545		  NaN
37	10	0		10.580	  NaN	0.0111		1		1546		  NaN
37	11	0		10.580	  NaN	0.0116		1		1547		  NaN
37	12	1		10.580	  NaN	0.0126		1		1548		  NaN
37	13	1		10.580	  NaN	0.0137		1		1549		  NaN
37	14	0		10.580	  NaN	0.0313		1		1550		  NaN
37	15	0		10.580	  NaN	0.0130		1		1551		  NaN
37	16	0		10.580	  NaN	-0.0005		1		1552		  NaN
37	17	0		10.580	  NaN	0.0003		1		1553		  NaN
37	18	1		10.580	  NaN	-0.0012		1		1554		  NaN
37	19	1		10.580	  NaN	0.0330		1		1555		  NaN
37	20	0		10.580	  NaN	0.0178		1		1556		  NaN
37	21	0		10.580	  NaN	0.0034		1		1557		  NaN
37	22	0		10.580	  NaN	0.0014		1		1558		  NaN
37	23	0		10.580	  NaN	0.0032		1		1559		  NaN
37	24	1		10.580	  NaN	0.0060		1		1560		  NaN
37	25	1		10.580	  NaN	0.0068		1		1561		  NaN
37	26	0		10.580	  NaN	0.0271		1		1562		  NaN
37	27	0		10.580	  NaN	0.0086		1		1563		  NaN
37	28	0		10.580	  NaN	0.0096		1		1564		  NaN
37	29	0		10.580	  NaN	0.0104		1		1565		  NaN
37	30	0		10.580	  NaN	0.0111		1		1566		  NaN
trial	TR	prompt active	speed	ds	flip error	Found File #	ThisTR	CategSep
38	1	0		10.612	  NaN	0.0059		1		1579		  NaN
38	2	0		10.612	  NaN	0.0064		1		1580		  NaN
38	3	0		10.612	  NaN	0.0074		1		1581		  NaN
38	4	0		10.612	  NaN	0.0083		1		1582		  NaN
38	5	0		10.612	  NaN	0.0090		1		1583		  NaN
38	6	1		10.612	  NaN	0.0100		1		1584		  NaN
38	7	1		10.612	  NaN	0.0108		1		1585		  NaN
38	8	0		10.612	  NaN	0.0285		1		1586		  NaN
38	9	0		10.612	  NaN	0.0101		1		1587		  NaN
38	10	0		10.612	  NaN	0.0133		1		1588		  NaN
38	11	0		10.612	  NaN	0.0141		1		1589		  NaN
38	12	1		10.612	  NaN	0.0148		1		1590		  NaN
38	13	1		10.612	  NaN	-0.0007		1		1591		  NaN
38	14	0		10.612	  NaN	0.0336		1		1592		  NaN
38	15	0		10.612	  NaN	0.0007		1		1593		  NaN
38	16	0		10.612	  NaN	0.0016		1		1594		  NaN
38	17	0		10.612	  NaN	0.0024		1		1595		  NaN
38	18	1		10.612	  NaN	0.0032		1		1596		  NaN
38	19	1		10.612	  NaN	0.0041		1		1597		  NaN
38	20	0		10.612	  NaN	0.0242		1		1598		  NaN
38	21	0		10.612	  NaN	0.0059		1		1599		  NaN
38	22	0		10.612	  NaN	0.0066		1		1600		  NaN
38	23	0		10.612	  NaN	0.0076		1		1601		  NaN
38	24	1		10.612	  NaN	0.0070		1		1602		  NaN
38	25	1		10.612	  NaN	0.0069		1		1603		  NaN
38	26	0		10.612	  NaN	0.0261		1		1604		  NaN
38	27	0		10.612	  NaN	0.0110		1		1605		  NaN
38	28	0		10.612	  NaN	0.0116		1		1606		  NaN
38	29	0		10.612	  NaN	0.0126		1		1607		  NaN
38	30	0		10.612	  NaN	0.0137		1		1608		  NaN
trial	TR	prompt active	speed	ds	flip error	Found File #	ThisTR	CategSep
39	1	0		10.635	  NaN	0.0082		1		1621		  NaN
39	2	0		10.635	  NaN	0.0087		1		1622		  NaN
39	3	0		10.635	  NaN	0.0097		1		1623		  NaN
39	4	0		10.635	  NaN	0.0086		1		1624		  NaN
39	5	0		10.635	  NaN	0.0097		1		1625		  NaN
39	6	1		10.635	  NaN	0.0124		1		1626		  NaN
39	7	1		10.635	  NaN	0.0131		1		1627		  NaN
39	8	0		10.635	  NaN	0.0471		1		1628		  NaN
39	9	0		10.635	  NaN	0.0124		1		1629		  NaN
39	10	0		10.635	  NaN	0.0157		1		1630		  NaN
39	11	0		10.635	  NaN	-0.0019		1		1631		  NaN
39	12	1		10.635	  NaN	0.0005		1		1632		  NaN
39	13	1		10.635	  NaN	0.0326		1		1633		  NaN
39	14	0		10.635	  NaN	0.0523		1		1634		  NaN
39	15	0		10.635	  NaN	0.0022		1		1635		  NaN
39	16	0		10.635	  NaN	0.0017		1		1636		  NaN
39	17	0		10.635	  NaN	0.0047		1		1637		  NaN
39	18	1		10.635	  NaN	0.0059		1		1638		  NaN
39	19	1		10.635	  NaN	0.0068		1		1639		  NaN
39	20	0		10.635	  NaN	0.0401		1		1640		  NaN
39	21	0		10.635	  NaN	0.0084		1		1641		  NaN
39	22	0		10.635	  NaN	0.0068		1		1642		  NaN
39	23	0		10.635	  NaN	0.0101		1		1643		  NaN
39	24	1		10.635	  NaN	0.0106		1		1644		  NaN
39	25	1		10.635	  NaN	0.0117		1		1645		  NaN
39	26	0		10.635	  NaN	0.0482		1		1646		  NaN
39	27	0		10.635	  NaN	0.0134		1		1647		  NaN
39	28	0		10.635	  NaN	0.0141		1		1648		  NaN
39	29	0		10.635	  NaN	0.0149		1		1649		  NaN
39	30	0		10.635	  NaN	-0.0008		1		1650		  NaN
trial	TR	prompt active	speed	ds	flip error	Found File #	ThisTR	CategSep
40	1	0		10.653	  NaN	0.0105		1		1663		  NaN
40	2	0		10.653	  NaN	0.0113		1		1664		  NaN
40	3	0		10.653	  NaN	0.0122		1		1665		  NaN
40	4	0		10.653	  NaN	0.0127		1		1666		  NaN
40	5	0		10.653	  NaN	0.0135		1		1667		  NaN
40	6	1		10.653	  NaN	0.0146		1		1668		  NaN
40	7	1		10.653	  NaN	0.0152		1		1669		  NaN
40	8	0		10.653	  NaN	0.0497		1		1670		  NaN
40	9	0		10.653	  NaN	-0.0021		1		1671		  NaN
40	10	0		10.653	  NaN	0.0014		1		1672		  NaN
40	11	0		10.653	  NaN	0.0004		1		1673		  NaN
40	12	1		10.653	  NaN	-0.0001		1		1674		  NaN
40	13	1		10.653	  NaN	0.0014		1		1675		  NaN
40	14	0		10.653	  NaN	0.0547		1		1676		  NaN
40	15	0		10.653	  NaN	0.0033		1		1677		  NaN
40	16	0		10.653	  NaN	0.0064		1		1678		  NaN
40	17	0		10.653	  NaN	0.0050		1		1679		  NaN
40	18	1		10.653	  NaN	0.0081		1		1680		  NaN
40	19	1		10.653	  NaN	0.0091		1		1681		  NaN
40	20	0		10.653	  NaN	0.0268		1		1682		  NaN
40	21	0		10.653	  NaN	0.0104		1		1683		  NaN
40	22	0		10.653	  NaN	0.0097		1		1684		  NaN
40	23	0		10.653	  NaN	0.0101		1		1685		  NaN
40	24	1		10.653	  NaN	0.0110		1		1686		  NaN
40	25	1		10.653	  NaN	0.0141		1		1687		  NaN
40	26	0		10.653	  NaN	0.0485		1		1688		  NaN
40	27	0		10.653	  NaN	0.0160		1		1689		  NaN
40	28	0		10.653	  NaN	-0.0002		1		1690		  NaN
40	29	0		10.653	  NaN	0.0008		1		1691		  NaN
40	30	0		10.653	  NaN	0.0014		1		1692		  NaN
trial	TR	prompt active	speed	ds	flip error	Found File #	ThisTR	CategSep
41	1	0		10.674	  NaN	0.0094		1		1705		  NaN
41	2	0		10.674	  NaN	0.0102		1		1706		  NaN
41	3	0		10.674	  NaN	0.0108		1		1707		  NaN
41	4	0		10.674	  NaN	0.0121		1		1708		  NaN
41	5	0		10.674	  NaN	0.0127		1		1709		  NaN
41	6	1		10.674	  NaN	0.0135		1		1710		  NaN
41	7	1		10.674	  NaN	0.0144		1		1711		  NaN
41	8	0		10.674	  NaN	0.0335		1		1712		  NaN
41	9	0		10.674	  NaN	-0.0022		1		1713		  NaN
41	10	0		10.674	  NaN	0.0003		1		1714		  NaN
41	11	0		10.674	  NaN	0.0009		1		1715		  NaN
41	12	1		10.674	  NaN	0.0001		1		1716		  NaN
41	13	1		10.674	  NaN	0.0028		1		1717		  NaN
41	14	0		10.674	  NaN	0.0367		1		1718		  NaN
41	15	0		10.674	  NaN	0.0044		1		1719		  NaN
41	16	0		10.674	  NaN	0.0053		1		1720		  NaN
41	17	0		10.674	  NaN	0.0043		1		1721		  NaN
41	18	1		10.674	  NaN	0.0069		1		1722		  NaN
41	19	1		10.674	  NaN	0.0082		1		1723		  NaN
41	20	0		10.674	  NaN	0.0423		1		1724		  NaN
41	21	0		10.674	  NaN	0.0095		1		1725		  NaN
41	22	0		10.674	  NaN	0.0103		1		1726		  NaN
41	23	0		10.674	  NaN	0.0113		1		1727		  NaN
41	24	1		10.674	  NaN	0.0122		1		1728		  NaN
41	25	1		10.674	  NaN	0.0130		1		1729		  NaN
41	26	0		10.674	  NaN	0.0321		1		1730		  NaN
41	27	0		10.674	  NaN	0.0145		1		1731		  NaN
41	28	0		10.674	  NaN	0.0154		1		1732		  NaN
41	29	0		10.674	  NaN	-0.0002		1		1733		  NaN
41	30	0		10.674	  NaN	0.0006		1		1734		  NaN
trial	TR	prompt active	speed	ds	flip error	Found File #	ThisTR	CategSep
42	1	0		10.696	  NaN	0.0119		1		1747		  NaN
42	2	0		10.696	  NaN	0.0125		1		1748		  NaN
42	3	0		10.696	  NaN	0.0133		1		1749		  NaN
42	4	0		10.696	  NaN	0.0141		1		1750		  NaN
42	5	0		10.696	  NaN	0.0132		1		1751		  NaN
42	6	1		10.696	  NaN	-0.0006		1		1752		  NaN
42	7	1		10.696	  NaN	0.0002		1		1753		  NaN
42	8	0		10.696	  NaN	0.0654		1		1754		  NaN
42	9	0		10.696	  NaN	0.0015		1		1755		  NaN
42	10	0		10.696	  NaN	0.0025		1		1756		  NaN
42	11	0		10.696	  NaN	0.0035		1		1757		  NaN
42	12	1		10.696	  NaN	0.0045		1		1758		  NaN
42	13	1		10.696	  NaN	0.0050		1		1759		  NaN
42	14	0		10.696	  NaN	0.0560		1		1760		  NaN
42	15	0		10.696	  NaN	0.0046		1		1761		  NaN
42	16	0		10.696	  NaN	0.0075		1		1762		  NaN
42	17	0		10.696	  NaN	0.0064		1		1763		  NaN
42	18	1		10.696	  NaN	0.0093		1		1764		  NaN
42	19	1		10.696	  NaN	0.0104		1		1765		  NaN
42	20	0		10.696	  NaN	0.0323		1		1766		  NaN
42	21	0		10.696	  NaN	0.0121		1		1767		  NaN
42	22	0		10.696	  NaN	0.0131		1		1768		  NaN
42	23	0		10.696	  NaN	0.0136		1		1769		  NaN
42	24	1		10.696	  NaN	0.0120		1		1770		  NaN
42	25	1		10.696	  NaN	0.0133		1		1771		  NaN
42	26	0		10.696	  NaN	0.0498		1		1772		  NaN
42	27	0		10.696	  NaN	0.0004		1		1773		  NaN
42	28	0		10.696	  NaN	0.0014		1		1774		  NaN
42	29	0		10.696	  NaN	0.0023		1		1775		  NaN
42	30	0		10.696	  NaN	0.0007		1		1776		  NaN
trial	TR	prompt active	speed	ds	flip error	Found File #	ThisTR	CategSep
43	1	0		10.714	  NaN	0.0142		1		1789		  NaN
43	2	0		10.714	  NaN	0.0148		1		1790		  NaN
43	3	0		10.714	  NaN	0.0158		1		1791		  NaN
43	4	0		10.714	  NaN	-0.0001		1		1792		  NaN
43	5	0		10.714	  NaN	0.0005		1		1793		  NaN
43	6	1		10.714	  NaN	0.0014		1		1794		  NaN
43	7	1		10.714	  NaN	0.0023		1		1795		  NaN
43	8	0		10.714	  NaN	0.0516		1		1796		  NaN
43	9	0		10.714	  NaN	0.0025		1		1797		  NaN
43	10	0		10.714	  NaN	0.0035		1		1798		  NaN
43	11	0		10.714	  NaN	0.0031		1		1799		  NaN
43	12	1		10.714	  NaN	0.0047		1		1800		  NaN
43	13	1		10.714	  NaN	0.0077		1		1801		  NaN
43	14	0		10.714	  NaN	0.0216		1		1802		  NaN
43	15	0		10.714	  NaN	0.0092		1		1803		  NaN
43	16	0		10.714	  NaN	0.0100		1		1804		  NaN
43	17	0		10.714	  NaN	0.0090		1		1805		  NaN
43	18	1		10.714	  NaN	0.0117		1		1806		  NaN
43	19	1		10.714	  NaN	0.0125		1		1807		  NaN
43	20	0		10.714	  NaN	0.0467		1		1808		  NaN
43	21	0		10.714	  NaN	0.0142		1		1809		  NaN
43	22	0		10.714	  NaN	0.0150		1		1810		  NaN
43	23	0		10.714	  NaN	-0.0007		1		1811		  NaN
43	24	1		10.714	  NaN	-0.0019		1		1812		  NaN
43	25	1		10.714	  NaN	0.0012		1		1813		  NaN
43	26	0		10.714	  NaN	0.0498		1		1814		  NaN
43	27	0		10.714	  NaN	0.0004		1		1815		  NaN
43	28	0		10.714	  NaN	0.0037		1		1816		  NaN
43	29	0		10.714	  NaN	0.0043		1		1817		  NaN
43	30	0		10.714	  NaN	0.0029		1		1818		  NaN
trial	TR	prompt active	speed	ds	flip error	Found File #	ThisTR	CategSep
44	1	0		10.729	  NaN	0.0165		1		1831		  NaN
44	2	0		10.729	  NaN	0.0005		1		1832		  NaN
44	3	0		10.729	  NaN	0.0015		1		1833		  NaN
44	4	0		10.729	  NaN	0.0023		1		1834		  NaN
44	5	0		10.729	  NaN	0.0031		1		1835		  NaN
44	6	1		10.729	  NaN	0.0037		1		1836		  NaN
44	7	1		10.729	  NaN	0.0047		1		1837		  NaN
44	8	0		10.729	  NaN	0.0564		1		1838		  NaN
44	9	0		10.729	  NaN	0.0065		1		1839		  NaN
44	10	0		10.729	  NaN	0.0074		1		1840		  NaN
44	11	0		10.729	  NaN	0.0081		1		1841		  NaN
44	12	1		10.729	  NaN	0.0091		1		1842		  NaN
44	13	1		10.729	  NaN	0.0096		1		1843		  NaN
44	14	0		10.729	  NaN	0.0317		1		1844		  NaN
44	15	0		10.729	  NaN	0.0092		1		1845		  NaN
44	16	0		10.729	  NaN	0.0124		1		1846		  NaN
44	17	0		10.729	  NaN	0.0115		1		1847		  NaN
44	18	1		10.729	  NaN	0.0139		1		1848		  NaN
44	19	1		10.729	  NaN	0.0149		1		1849		  NaN
44	20	0		10.729	  NaN	0.0468		1		1850		  NaN
44	21	0		10.729	  NaN	-0.0002		1		1851		  NaN
44	22	0		10.729	  NaN	0.0007		1		1852		  NaN
44	23	0		10.729	  NaN	0.0328		1		1853		  NaN
44	24	1		10.729	  NaN	0.0027		1		1854		  NaN
44	25	1		10.729	  NaN	0.0035		1		1855		  NaN
44	26	0		10.729	  NaN	0.0542		1		1856		  NaN
44	27	0		10.729	  NaN	0.0049		1		1857		  NaN
44	28	0		10.729	  NaN	0.0058		1		1858		  NaN
44	29	0		10.729	  NaN	0.0066		1		1859		  NaN
44	30	0		10.729	  NaN	0.0077		1		1860		  NaN
trial	TR	prompt active	speed	ds	flip error	Found File #	ThisTR	CategSep
45	1	0		10.742	  NaN	0.0187		1		1873		  NaN
45	2	0		10.742	  NaN	0.0026		1		1874		  NaN
45	3	0		10.742	  NaN	0.0034		1		1875		  NaN
45	4	0		10.742	  NaN	0.0043		1		1876		  NaN
45	5	0		10.742	  NaN	0.0052		1		1877		  NaN
45	6	1		10.742	  NaN	0.0063		1		1878		  NaN
45	7	1		10.742	  NaN	0.0070		1		1879		  NaN
45	8	0		10.742	  NaN	0.0411		1		1880		  NaN
45	9	0		10.742	  NaN	0.0090		1		1881		  NaN
45	10	0		10.742	  NaN	0.0076		1		1882		  NaN
45	11	0		10.742	  NaN	0.0106		1		1883		  NaN
45	12	1		10.742	  NaN	0.0115		1		1884		  NaN
45	13	1		10.742	  NaN	0.0123		1		1885		  NaN
45	14	0		10.742	  NaN	0.0281		1		1886		  NaN
45	15	0		10.742	  NaN	0.0116		1		1887		  NaN
45	16	0		10.742	  NaN	-0.0018		1		1888		  NaN
45	17	0		10.742	  NaN	0.0156		1		1889		  NaN
45	18	1		10.742	  NaN	-0.0003		1		1890		  NaN
45	19	1		10.742	  NaN	0.0009		1		1891		  NaN
45	20	0		10.742	  NaN	0.0533		1		1892		  NaN
45	21	0		10.742	  NaN	0.0002		1		1893		  NaN
45	22	0		10.742	  NaN	0.0033		1		1894		  NaN
45	23	0		10.742	  NaN	0.0044		1		1895		  NaN
45	24	1		10.742	  NaN	0.0025		1		1896		  NaN
45	25	1		10.742	  NaN	0.0036		1		1897		  NaN
45	26	0		10.742	  NaN	0.0370		1		1898		  NaN
45	27	0		10.742	  NaN	0.0050		1		1899		  NaN
45	28	0		10.742	  NaN	0.0083		1		1900		  NaN
45	29	0		10.742	  NaN	0.0090		1		1901		  NaN
45	30	0		10.742	  NaN	0.0076		1		1902		  NaN
trial	TR	prompt active	speed	ds	flip error	Found File #	ThisTR	CategSep
46	1	0		10.753	  NaN	0.0178		1		1915		  NaN
46	2	0		10.753	  NaN	0.0020		1		1916		  NaN
46	3	0		10.753	  NaN	0.0029		1		1917		  NaN
46	4	0		10.753	  NaN	0.0014		1		1918		  NaN
46	5	0		10.753	  NaN	0.0044		1		1919		  NaN
46	6	1		10.753	  NaN	0.0053		1		1920		  NaN
46	7	1		10.753	  NaN	0.0062		1		1921		  NaN
46	8	0		10.753	  NaN	0.0572		1		1922		  NaN
46	9	0		10.753	  NaN	0.0079		1		1923		  NaN
46	10	0		10.753	  NaN	0.0089		1		1924		  NaN
46	11	0		10.753	  NaN	0.0096		1		1925		  NaN
46	12	1		10.753	  NaN	0.0107		1		1926		  NaN
46	13	1		10.753	  NaN	0.0112		1		1927		  NaN
46	14	0		10.753	  NaN	0.0615		1		1928		  NaN
46	15	0		10.753	  NaN	0.0103		1		1929		  NaN
46	16	0		10.753	  NaN	0.0116		1		1930		  NaN
46	17	0		10.753	  NaN	0.0146		1		1931		  NaN
46	18	1		10.753	  NaN	-0.0030		1		1932		  NaN
46	19	1		10.753	  NaN	-0.0003		1		1933		  NaN
46	20	0		10.753	  NaN	0.0531		1		1934		  NaN
46	21	0		10.753	  NaN	0.0015		1		1935		  NaN
46	22	0		10.753	  NaN	0.0001		1		1936		  NaN
46	23	0		10.753	  NaN	0.0033		1		1937		  NaN
46	24	1		10.753	  NaN	0.0038		1		1938		  NaN
46	25	1		10.753	  NaN	0.0025		1		1939		  NaN
46	26	0		10.753	  NaN	0.0567		1		1940		  NaN
46	27	0		10.753	  NaN	0.0065		1		1941		  NaN
46	28	0		10.753	  NaN	0.0074		1		1942		  NaN
46	29	0		10.753	  NaN	0.0083		1		1943		  NaN
46	30	0		10.753	  NaN	0.0092		1		1944		  NaN
trial	TR	prompt active	speed	ds	flip error	Found File #	ThisTR	CategSep
47	1	0		10.768	  NaN	0.0035		1		1957		  NaN
47	2	0		10.768	  NaN	0.0041		1		1958		  NaN
47	3	0		10.768	  NaN	0.0052		1		1959		  NaN
47	4	0		10.768	  NaN	0.0062		1		1960		  NaN
47	5	0		10.768	  NaN	0.0067		1		1961		  NaN
47	6	1		10.768	  NaN	0.0076		1		1962		  NaN
47	7	1		10.768	  NaN	0.0085		1		1963		  NaN
47	8	0		10.768	  NaN	0.0429		1		1964		  NaN
47	9	0		10.768	  NaN	0.0085		1		1965		  NaN
47	10	0		10.768	  NaN	0.0083		1		1966		  NaN
47	11	0		10.768	  NaN	0.0097		1		1967		  NaN
47	12	1		10.768	  NaN	0.0129		1		1968		  NaN
47	13	1		10.768	  NaN	0.0136		1		1969		  NaN
47	14	0		10.768	  NaN	0.0622		1		1970		  NaN
47	15	0		10.768	  NaN	0.0155		1		1971		  NaN
47	16	0		10.768	  NaN	0.0163		1		1972		  NaN
47	17	0		10.768	  NaN	0.0171		1		1973		  NaN
47	18	1		10.768	  NaN	0.0012		1		1974		  NaN
47	19	1		10.768	  NaN	0.0018		1		1975		  NaN
47	20	0		10.768	  NaN	0.0557		1		1976		  NaN
47	21	0		10.768	  NaN	0.0040		1		1977		  NaN
47	22	0		10.768	  NaN	0.0023		1		1978		  NaN
47	23	0		10.768	  NaN	0.0056		1		1979		  NaN
47	24	1		10.768	  NaN	0.0062		1		1980		  NaN
47	25	1		10.768	  NaN	0.0049		1		1981		  NaN
47	26	0		10.768	  NaN	0.0585		1		1982		  NaN
47	27	0		10.768	  NaN	0.0090		1		1983		  NaN
47	28	0		10.768	  NaN	0.0074		1		1984		  NaN
47	29	0		10.768	  NaN	0.0106		1		1985		  NaN
47	30	0		10.768	  NaN	0.0114		1		1986		  NaN
trial	TR	prompt active	speed	ds	flip error	Found File #	ThisTR	CategSep
48	1	0		10.784	  NaN	0.0060		1		1999		  NaN
48	2	0		10.784	  NaN	0.0067		1		2000		  NaN
48	3	0		10.784	  NaN	0.0074		1		2001		  NaN
48	4	0		10.784	  NaN	0.0084		1		2002		  NaN
48	5	0		10.784	  NaN	0.0092		1		2003		  NaN
48	6	1		10.784	  NaN	0.0100		1		2004		  NaN
48	7	1		10.784	  NaN	0.0082		1		2005		  NaN
48	8	0		10.784	  NaN	0.0595		1		2006		  NaN
48	9	0		10.784	  NaN	0.0127		1		2007		  NaN
48	10	0		10.784	  NaN	0.0135		1		2008		  NaN
48	11	0		10.784	  NaN	-0.0024		1		2009		  NaN
48	12	1		10.784	  NaN	0.0133		1		2010		  NaN
48	13	1		10.784	  NaN	-0.0039		1		2011		  NaN
48	14	0		10.784	  NaN	0.0518		1		2012		  NaN
48	15	0		10.784	  NaN	0.0008		1		2013		  NaN
48	16	0		10.784	  NaN	0.0018		1		2014		  NaN
48	17	0		10.784	  NaN	0.0025		1		2015		  NaN
48	18	1		10.784	  NaN	0.0018		1		2016		  NaN
48	19	1		10.784	  NaN	0.0046		1		2017		  NaN
48	20	0		10.784	  NaN	0.0573		1		2018		  NaN
48	21	0		10.784	  NaN	0.0062		1		2019		  NaN
48	22	0		10.784	  NaN	0.0072		1		2020		  NaN
48	23	0		10.784	  NaN	0.0062		1		2021		  NaN
48	24	1		10.784	  NaN	0.0062		1		2022		  NaN
48	25	1		10.784	  NaN	0.0073		1		2023		  NaN
48	26	0		10.784	  NaN	0.0614		1		2024		  NaN
48	27	0		10.784	  NaN	0.0090		1		2025		  NaN
48	28	0		10.784	  NaN	0.0121		1		2026		  NaN
48	29	0		10.784	  NaN	0.0106		1		2027		  NaN
48	30	0		10.784	  NaN	0.0136		1		2028		  NaN

SESSION 7 initiated 22-Apr-2017 15:06:08 for SUBJECT number 6

session	trial	pair	onset	dur	cue         	associate   
7	1	31	2009  	2002  	HOOK        	pico02.jpg  
7	2	44	10016 	2002  	PAGE        	pico21.jpg  
7	3	43	18006 	2002  	ROPE        	pici25.jpg  
7	4	27	26013 	2002  	PYRAMID     	pici29.jpg  
7	5	37	34003 	2002  	BRACELET    	pici12.jpg  
7	6	25	42010 	2002  	LENS        	pici03.jpg  
7	7	32	50017 	2002  	DUST        	pico12.jpg  
7	8	42	58006 	2019  	POWDER      	pici01.jpg  
7	9	41	66014 	2002  	HOSE        	pico15.jpg  
7	10	28	74003 	2002  	FOAM        	pici23.jpg  
7	11	30	82010 	2002  	CHALK       	pico06.jpg  
7	12	38	90017 	1985  	SPONGE      	pico03.jpg  
7	13	39	98007 	2002  	DRILL       	pici08.jpg  
7	14	26	106014	2002  	NICKEL      	pico29.jpg  
7	15	33	114004	2001  	MIRROR      	pici11.jpg  
7	16	40	122011	2018  	RULER       	pico28.jpg  
7	17	34	130018	1985  	BROOM       	pici15.jpg  
7	18	35	138008	2002  	JAIL        	pici05.jpg  
7	19	36	146015	2002  	PLUG        	pico08.jpg  
7	20	29	154005	2002  	PURSE       	pico22.jpg  


SESSION 7 ended 22-Apr-2017 15:09:14 for SUBJECT number 6




******************************************************************************


SESSION 8 ended 22-Apr-2017 15:13:35 for SUBJECT number 6




******************************************************************************


SESSION 9 ended 22-Apr-2017 15:17:49 for SUBJECT number 6




******************************************************************************


SESSION 10 ended 22-Apr-2017 15:19:14 for SUBJECT number 6




******************************************************************************

SESSION 12 initiated 23-Apr-2017 17:07:55 for SUBJECT number 6

session	trial	pair	onset	dur	cue         	associate   
12	1	36	2003  	2002  	PLUG        	pico08.jpg  
12	2	31	10004 	2001  	HOOK        	pico02.jpg  
12	3	29	18004 	2001  	PURSE       	pico22.jpg  
12	4	35	26005 	2001  	JAIL        	pici05.jpg  
12	5	37	34005 	2001  	BRACELET    	pici12.jpg  
12	6	28	42006 	2001  	FOAM        	pici23.jpg  
12	7	27	50006 	2001  	PYRAMID     	pici29.jpg  
12	8	38	58007 	2001  	SPONGE      	pico03.jpg  
12	9	25	66008 	2001  	LENS        	pici03.jpg  
12	10	44	74008 	2001  	PAGE        	pico21.jpg  
12	11	34	82009 	2001  	BROOM       	pici15.jpg  
12	12	41	90009 	2001  	HOSE        	pico15.jpg  
12	13	26	98010 	2001  	NICKEL      	pico29.jpg  
12	14	43	106010	2001  	ROPE        	pici25.jpg  
12	15	42	114011	2001  	POWDER      	pici01.jpg  
12	16	32	122011	2001  	DUST        	pico12.jpg  
12	17	33	130012	2002  	MIRROR      	pici11.jpg  
12	18	40	138012	1984  	RULER       	pico28.jpg  
12	19	30	145996	2017  	CHALK       	pico06.jpg  
12	20	39	154014	1984  	DRILL       	pici08.jpg  


SESSION 12 ended 23-Apr-2017 17:10:48 for SUBJECT number 6




******************************************************************************


SESSION 25 ended 23-Apr-2017 19:21:28 for SUBJECT number 6



SESSION 26 ended 23-Apr-2017 19:24:23 for SUBJECT number 6




******************************************************************************
